AERONET_Database_Site_List,Num=0,Date_Generated=29:04:2023,Months_Available_for_Year,2021
Site_Name,Longitude(decimal_degrees),Latitude(decimal_degrees),Elevation(meters),JAN,FEB,MAR,APR,MAY,JUN,JUL,AUG,SEP,OCT,NOV,DEC
Alta_Floresta,-56.104453,-9.871339,277.000000,1,1,1,1,0,0,0,0,0,0,0,0
Tucson,-110.953003,32.233002,779.000000,1,0,1,1,1,1,1,1,1,1,1,1
GSFC,-76.839833,38.992500,87.000000,1,1,1,1,1,1,1,1,1,1,1,1
Wallops,-75.471950,37.932850,37.000000,1,1,0,1,1,1,0,1,1,1,1,1
Ussuriysk,132.163500,43.700400,280.000000,1,1,1,1,1,1,1,1,0,0,0,0
Waskesiu,-106.069578,53.914386,569.000000,0,0,0,0,0,1,1,1,1,1,1,1
Key_Biscayne,-80.163330,25.731966,10.000000,0,0,0,0,1,0,0,0,0,1,0,0
Sevilleta,-106.885002,34.354721,1477.000000,1,1,1,1,1,1,1,1,1,1,1,1
Bonanza_Creek,-148.316269,64.742805,353.000000,0,0,0,0,0,0,1,1,1,1,0,0
Mauna_Loa,-155.576755,19.536006,3402.000000,1,1,1,1,1,1,1,1,1,1,1,1
La_Crau,4.819000,43.576500,32.000000,0,0,0,0,0,0,0,0,1,0,0,0
Lille,3.141667,50.611667,60.000000,1,1,1,1,1,1,1,1,1,1,1,1
Missoula,-114.083336,46.916668,976.000000,1,1,1,1,1,1,1,1,1,1,1,1
Capo_Verde,-22.935499,16.732500,60.000000,1,1,1,1,1,1,1,1,1,1,1,1
UCSB,-119.845360,34.415428,33.000000,1,1,1,1,1,0,1,1,1,1,1,1
SERC,-76.555795,38.888901,36.500000,1,1,1,1,1,1,1,1,1,1,1,1
La_Jolla,-117.251130,32.868460,80.000000,1,1,1,1,1,0,1,1,1,1,1,1
Barcelona,2.112060,41.389250,125.000000,1,1,1,1,1,1,1,1,1,1,1,1
SEDE_BOKER,34.782222,30.855000,480.000000,1,1,1,1,1,1,1,1,1,1,1,1
Madison,-89.410000,43.070000,326.000000,0,0,0,0,0,0,0,0,0,1,0,0
CARTEL,-71.931330,45.379754,251.000000,1,1,1,1,1,1,1,1,1,1,1,1
Toronto,-79.470000,43.790000,186.000000,1,1,1,1,1,1,1,1,1,1,1,1
Banizoumbou,2.665190,13.546930,274.000000,1,1,1,1,1,1,1,1,1,1,1,1
Barrow,-156.665000,71.312200,8.000000,0,1,1,1,1,1,1,1,1,1,0,0
REUNION_ST_DENIS,55.484740,-20.901390,93.000000,1,1,1,1,1,1,1,1,1,1,1,1
Rame_Head,-4.219809,50.317132,105.000000,1,1,1,1,1,1,1,1,1,1,1,1
CRETE,25.667833,35.337667,140.000000,0,1,1,0,1,1,0,1,0,0,0,0
Guadeloup,-61.528378,16.224920,39.000000,1,0,0,0,0,0,0,0,0,0,0,0
BONDVILLE,-88.371944,40.053333,212.000000,1,1,1,1,1,1,1,1,1,1,1,1
Dalanzadgad,104.419167,43.577222,1470.000000,1,1,1,1,1,1,1,1,1,1,1,1
Venise,12.508300,45.313900,10.000000,1,1,1,1,1,1,1,1,1,1,1,1
Izana,-16.499060,28.309320,2401.000000,1,1,1,1,1,1,1,1,1,1,1,1
Teide,-16.639000,28.270000,3555.000000,1,1,1,1,1,1,1,1,1,1,1,1
Sioux_Falls,-96.625991,43.736481,505.000000,1,1,1,1,1,1,1,1,1,1,1,1
Walker_Branch,-84.287500,35.958333,365.000000,0,0,0,0,0,0,0,0,0,1,0,0
Egbert,-79.781414,44.231543,264.000000,1,1,1,1,1,1,1,1,1,1,1,1
Ispra,8.626700,45.803050,235.000000,1,1,1,1,1,1,1,1,1,1,1,1
Mainz,8.300000,49.999000,150.000000,1,1,1,1,1,1,1,1,1,1,1,1
Brookhaven,-72.884700,40.866000,37.000000,1,1,1,1,1,1,1,1,1,1,1,1
Saturn_Island,-123.128177,48.775252,193.000000,1,1,1,1,1,1,1,1,1,1,1,1
Ilorin,4.674500,8.484100,400.000000,1,1,1,1,1,1,1,1,1,1,1,1
Dongsha_Island,116.728833,20.698556,5.000000,1,1,1,1,1,1,1,1,1,1,1,1
Arica,-70.313333,-18.471667,25.000000,0,0,0,0,0,0,0,1,1,1,1,1
MCO-Hanimaadhoo,73.183183,6.776350,13.000000,1,1,1,1,1,1,1,1,1,1,1,1
NASA_LaRC,-76.378640,37.104960,5.000000,1,1,1,1,1,1,1,1,1,1,1,1
Pickle_Lake,-90.217500,51.449444,393.000000,1,1,1,1,1,1,1,1,1,1,1,1
IMAA_Potenza,15.723700,40.601254,770.000000,0,1,1,1,1,1,1,1,1,1,1,1
Skukuza,31.587500,-24.991700,265.000000,1,1,1,1,1,1,1,1,1,1,0,1
TABLE_MOUNTAIN_CA,-117.680000,34.380000,2200.000000,1,1,1,1,1,1,1,1,1,1,1,1
Mexico_City,-99.181667,19.333611,2268.000000,1,1,1,1,0,1,1,1,1,1,1,1
Rimrock,-116.991667,46.487500,824.000000,1,1,1,1,1,1,1,1,1,1,1,1
Palaiseau,2.215000,48.711600,156.000000,1,1,1,1,1,1,1,1,1,1,1,1
Paris,2.355508,48.846797,50.000000,1,1,1,1,1,1,1,1,1,1,1,0
Moldova,28.815600,47.000800,205.000000,0,0,0,0,0,1,1,1,1,1,1,1
MD_Science_Center,-76.612052,39.281230,15.000000,1,1,1,1,1,1,1,1,1,1,1,1
CEILAP-BA,-58.506411,-34.555425,26.000000,1,1,1,1,1,1,1,1,1,1,1,1
Anmyon,126.330194,36.538537,47.000000,1,1,1,1,0,0,0,0,0,1,1,1
IMS-METU-ERDEMLI,34.255000,36.565000,3.000000,0,0,1,1,1,1,1,1,1,1,1,1
El_Arenosillo,-6.733472,37.105000,59.000000,1,1,1,1,1,1,1,1,1,1,1,1
Kyiv,30.496667,50.363611,200.000000,1,1,1,1,1,1,1,1,1,1,1,1
Churchill,-93.818167,58.736000,10.000000,0,0,1,1,1,1,1,1,1,1,1,0
Hamburg,9.973333,53.568333,120.000000,0,0,0,0,1,1,1,0,0,0,0,0
Modena,10.945278,44.631667,56.000000,1,1,1,1,1,1,0,0,0,0,0,0
La_Parguera,-67.045383,17.970450,12.400000,1,1,1,1,1,1,1,1,1,1,1,1
Rio_Branco,-67.869350,-9.957467,212.000000,1,1,1,1,0,0,0,1,1,1,1,1
Lampedusa,12.631667,35.516667,45.000000,1,1,1,1,1,1,1,1,1,1,1,1
Maun_Tower,23.550000,-19.900000,951.000000,1,1,1,1,1,1,1,1,1,1,1,1
Osaka,135.590633,34.650933,50.000000,1,1,1,1,1,1,1,1,1,1,1,1
Shirahama,135.356917,33.693450,10.000000,1,0,1,1,1,1,1,1,1,1,1,1
Kanpur,80.231639,26.512778,123.000000,1,1,1,1,1,1,1,1,1,1,1,1
Billerica,-71.268619,42.528347,82.000000,1,1,1,0,0,1,1,1,1,1,1,0
Moscow_MSU_MO,37.522019,55.706947,192.000000,1,1,1,0,0,0,0,0,0,0,0,0
Minsk,27.601000,53.920000,235.000000,1,1,1,1,1,1,1,1,1,1,1,0
Beijing,116.381370,39.976890,92.000000,1,1,1,1,1,1,1,1,1,1,1,1
Kuopio,27.633606,62.892414,105.000000,0,1,1,1,1,1,1,1,1,0,0,0
Sao_Paulo,-46.734983,-23.561500,786.000000,1,1,1,1,1,1,1,1,0,0,0,0
Seoul_SNU,126.951111,37.458056,116.000000,1,1,1,1,1,1,1,1,1,1,1,1
Rome_Tor_Vergata,12.647333,41.839550,130.000000,0,0,1,1,1,1,1,1,0,0,0,0
CUIABA-MIRANDA,-56.070860,-15.730910,210.000000,1,1,1,1,1,1,0,1,1,1,1,1
XiangHe,116.961500,39.753600,36.000000,1,1,1,1,1,1,1,1,1,1,1,1
Noto,137.136944,37.334444,200.000000,0,1,1,1,1,1,1,1,1,1,1,0
Leipzig,12.435278,51.352500,125.000000,1,1,1,1,1,1,1,1,1,1,1,1
Railroad_Valley,-115.691000,38.497000,1437.000000,1,1,1,1,1,1,1,1,1,1,1,1
Davos,9.843690,46.812810,1589.000000,1,1,1,1,1,1,1,1,1,1,1,1
CCNY,-73.949036,40.821313,100.000000,1,1,1,1,1,1,1,1,1,1,1,1
Jabiru,132.893100,-12.660700,30.000000,1,1,1,1,1,1,1,1,1,1,1,1
Lake_Argyle,128.748500,-16.108100,150.000000,1,1,1,1,0,1,1,1,1,1,1,1
Munich_University,11.573000,48.148000,533.000000,1,1,1,1,1,1,1,1,1,0,0,1
Lecce_University,18.111389,40.335111,30.000000,1,1,1,1,1,1,1,1,1,1,0,0
Kuwait_University,47.971000,29.325000,42.000000,1,1,1,1,1,0,0,0,0,0,0,0
Yekaterinburg,59.545000,57.038333,300.000000,0,1,1,1,1,1,1,1,1,1,1,0
Tomsk,85.048060,56.475351,174.000000,0,1,1,1,1,1,1,1,1,1,1,0
London-UCL-UAO,-0.131101,51.524270,46.605000,0,0,0,0,0,1,1,1,0,1,1,1
Yakutsk,129.366667,61.661667,118.500000,0,0,1,1,1,1,1,1,1,1,1,0
ATHENS-NOA,23.718000,37.972100,130.000000,1,1,1,1,1,1,1,1,1,1,1,0
Taipei_CWB,121.538370,25.014683,26.000000,0,0,0,0,0,0,0,0,1,1,1,1
Chen-Kung_Univ,120.204664,22.993419,50.000000,0,0,0,0,0,0,0,0,1,1,1,1
Monterey,-121.854867,36.592550,50.000000,1,1,1,1,1,1,1,1,1,1,1,1
Belsk,20.791667,51.836667,190.000000,1,1,0,0,1,1,1,1,1,1,1,1
Toravere,26.466823,58.264895,85.000000,1,1,1,1,1,1,1,1,1,1,1,1
Andenes,16.008611,69.278333,379.000000,0,1,1,1,1,1,1,1,1,1,0,0
Halifax,-63.594000,44.638000,65.000000,1,1,1,1,1,1,1,1,1,1,1,1
Ji_Parana_UNIR,-61.968600,-10.882212,175.000000,0,0,0,0,0,0,0,1,1,1,1,1
Palencia,-4.515694,41.988572,750.000000,1,1,1,1,1,1,1,1,0,1,1,1
Amsterdam_Island,77.571946,-37.799544,49.000000,1,1,1,1,1,0,0,0,0,0,1,1
Palgrunden,13.151500,58.755333,49.000000,0,0,0,1,1,1,1,1,0,1,0,0
Kellogg_LTER,-85.371717,42.407983,293.000000,1,1,1,1,1,1,1,1,1,1,1,1
Cabauw,4.927000,51.971000,-0.700000,0,0,0,0,1,1,1,1,1,1,1,1
Toulon,6.009444,43.135556,50.000000,1,1,1,1,1,1,1,1,1,1,1,1
Dunkerque,2.368117,51.035350,5.000000,1,1,1,1,1,1,1,1,1,1,1,1
Irkutsk,103.086644,51.799797,670.000000,0,1,1,1,1,1,1,1,1,1,1,0
Evora,-7.911500,38.567833,293.000000,1,1,1,1,1,1,1,1,1,1,1,1
Sao_Martinho_SONDA,-53.823444,-29.443333,489.000000,1,1,1,1,0,1,1,0,0,1,0,1
Petrolina_SONDA,-40.320108,-9.069100,381.000000,0,1,1,0,0,0,0,0,0,0,0,0
Hyytiala,24.295892,61.846447,191.000000,0,0,1,1,1,1,1,1,1,1,1,0
MVCO,-70.566700,41.325000,10.000000,0,0,0,0,1,0,0,0,0,0,0,0
Los_Alamos,-106.326067,35.873583,2290.000000,0,0,0,1,1,0,0,0,0,0,0,0
Cabo_da_Roca,-9.497667,38.781722,136.000000,1,1,1,1,1,1,1,1,1,1,1,1
Messina,15.566833,38.197500,15.000000,1,0,1,1,1,1,1,1,1,1,1,1
Gwangju_GIST,126.843139,35.228278,52.000000,1,1,1,1,1,1,1,1,1,1,0,0
Thessaloniki,22.960000,40.630000,60.000000,1,1,1,1,1,1,1,1,1,1,1,1
Ames,-93.774778,42.021361,338.000000,1,0,0,1,1,1,1,1,1,0,1,1
IER_Cinzana,-5.933867,13.278433,285.000000,1,1,1,1,1,1,1,1,1,1,1,1
Granada,-3.605000,37.164000,680.000000,1,1,1,1,1,1,1,1,1,1,1,1
Mezaira,53.754660,23.104520,201.000000,1,1,1,1,1,1,1,1,0,1,1,1
Saada,-8.155830,31.625830,420.000000,1,0,0,1,1,0,0,1,1,1,1,1
Resolute_Bay,-94.969409,74.705123,35.000000,0,0,0,1,1,0,1,1,1,0,0,0
Pune,73.805491,18.537255,595.000000,1,1,1,0,0,0,0,0,0,1,1,1
Santa_Cruz_Tenerife,-16.247361,28.472528,52.000000,1,1,1,1,1,1,1,1,1,1,1,1
Cape_San_Juan,-65.619900,18.384500,15.000000,1,1,1,1,1,1,1,1,1,1,1,1
Karlsruhe,8.427900,49.093300,140.000000,1,1,1,1,1,1,1,1,1,1,1,1
Gustav_Dalen_Tower,17.466830,58.594170,25.000000,0,0,0,1,1,1,1,1,1,0,0,0
Hornsund,15.540280,77.001480,12.440000,0,0,0,1,1,1,1,1,1,0,0,0
Fort_McMurray,-111.476139,56.752306,360.000000,1,1,1,1,1,1,1,0,1,1,0,1
OHP_OBSERVATOIRE,5.710000,43.935000,680.000000,1,1,1,1,1,1,1,1,1,1,1,1
Birdsville,139.345960,-25.898930,46.500000,0,0,0,0,0,0,0,0,0,1,0,0
Red_Mountain_Pass,-107.710917,37.907449,3376.000000,1,1,1,1,1,1,1,0,0,0,0,0
Chilbolton,-1.436980,51.144460,88.000000,1,1,1,1,1,1,1,1,1,0,1,1
Trelew,-65.308611,-43.249806,15.000000,1,0,1,1,1,1,1,1,1,1,1,1
CEILAP-RG,-69.319250,-51.600503,19.000000,1,1,1,1,1,1,1,1,1,1,1,1
Hong_Kong_PolyU,114.179722,22.303333,30.000000,1,1,0,0,0,0,0,0,0,0,1,1
ICIPE-Mbita,34.206062,-0.431525,1152.000000,0,0,0,0,0,0,0,0,1,1,1,0
Ji_Parana_SE,-61.851517,-10.934250,218.000000,1,0,0,0,0,0,0,0,0,0,0,0
La_Paz,-68.066467,-16.539000,3439.000000,1,1,1,1,1,1,1,1,1,1,1,1
Tamanrasset_INM,5.530000,22.790000,1377.000000,1,1,1,1,1,1,1,1,1,1,1,1
Tudor_Hill,-64.879000,32.264000,51.000000,1,1,1,1,1,1,1,1,1,1,1,1
Lulin,120.873611,23.468611,2868.000000,1,1,1,1,1,1,1,1,1,1,1,1
Adelaide_Site_7,138.656483,-34.725067,30.000000,1,1,0,0,0,1,1,0,0,0,0,0
Gandhi_College,84.127944,25.871000,60.000000,1,1,1,1,1,1,1,1,0,0,1,1
Chapais,-74.975400,49.822433,373.440000,0,0,0,1,1,1,1,1,1,1,1,1
EPA-NCU,121.185483,24.967533,144.000000,1,1,1,1,1,1,1,1,1,1,1,1
Brussels,4.350000,50.783332,120.000000,1,1,1,1,1,1,0,0,0,1,1,0
Zvenigorod,36.775000,55.695000,200.000000,0,0,0,1,0,1,1,1,1,1,0,0
NAM_CO,90.962450,30.772517,4746.000000,0,0,1,1,1,1,1,0,0,1,1,1
Univ_of_Houston,-95.341600,29.717700,65.000000,1,1,1,1,1,1,1,1,1,1,1,1
Mount_Chacaltaya,-68.131500,-16.350139,5233.000000,0,0,1,1,1,1,1,1,1,1,1,1
Karachi,67.135940,24.945740,49.000000,1,1,1,1,1,1,1,1,1,1,1,1
Thompson_Farm,-70.948344,43.108772,26.000000,0,0,0,0,0,0,0,0,0,1,0,0
Singapore,103.780383,1.297667,30.000000,1,1,1,1,1,1,1,1,1,1,1,1
White_Sands_HELSTF,-106.338072,32.634942,1207.240000,1,1,1,1,1,1,1,1,1,1,0,0
Lahore,74.264060,31.479870,209.000000,1,1,1,1,1,1,1,1,1,1,1,1
SANTA_CRUZ_UTEPSA,-63.200961,-17.767325,432.000000,1,1,1,0,0,0,1,1,1,1,1,1
Eilat,34.917500,29.502500,15.000000,0,0,0,0,0,1,1,1,0,0,1,1
USDA-Howard,-76.877500,39.054200,52.800000,0,0,1,0,1,0,0,0,0,0,0,0
Thule,-68.769001,76.516102,225.000000,0,0,0,1,1,1,1,1,1,1,0,0
OPAL,-85.939167,79.990278,5.000000,0,0,0,0,1,1,0,0,0,0,0,0
NASA_Ames,-122.056969,37.419986,10.000000,0,0,1,1,1,1,1,1,1,1,1,1
Burjassot,-0.420200,39.507000,104.000000,1,1,1,1,1,1,1,1,1,1,1,1
La_Laguna,-16.321111,28.481944,568.000000,1,1,1,1,1,1,1,1,1,1,0,0
Silpakorn_Univ,100.041183,13.819308,72.000000,1,1,1,1,1,1,1,1,1,0,1,1
Chiang_Mai_Met_Sta,98.972467,18.771125,312.000000,0,0,0,0,0,1,1,1,1,1,0,1
Songkhla_Met_Sta,100.604583,7.184387,15.000000,1,1,1,1,1,1,1,1,1,1,0,1
Ragged_Point,-59.432035,13.165018,40.000000,1,1,1,1,1,1,1,1,1,1,1,0
Issyk-Kul,76.983056,42.622778,1650.000000,1,1,1,1,1,1,1,1,1,1,1,0
South_Pole_Obs_NOAA,70.300000,-90.000000,2835.000000,1,1,0,0,0,0,0,0,0,0,0,1
Marambio,-56.625244,-64.239996,200.000000,1,1,1,1,1,0,0,0,1,1,1,1
Kangerlussuaq,-50.621400,66.995800,320.000000,0,1,1,0,1,1,1,1,1,1,0,0
Bozeman,-111.045013,45.662204,1507.000000,0,0,1,0,0,0,1,1,1,1,1,1
Kanzelhohe_Obs,13.901269,46.677232,1526.000000,1,1,0,0,1,1,1,1,1,1,1,1
Ersa,9.359289,43.003669,80.000000,1,1,1,1,1,1,1,1,1,1,1,1
Helsinki,24.960650,60.203733,52.800000,1,1,1,1,1,1,1,1,1,1,1,0
Camaguey,-77.849900,21.422300,122.000000,1,1,1,1,1,1,1,1,1,1,1,1
Dayton,-84.109618,39.775977,243.000000,1,1,1,1,1,1,1,1,0,0,0,1
Arcachon,-1.163222,44.663528,11.000000,0,1,1,1,0,1,1,1,1,1,0,1
Wytham_Woods,-1.332500,51.770278,160.000000,0,0,0,0,0,0,1,1,0,0,0,0
Vechernaya_Hill,46.158000,-67.660000,80.000000,1,1,1,0,0,0,0,0,0,0,0,1
Manila_Observatory,121.077840,14.635250,63.000000,1,1,1,1,1,1,1,1,1,1,1,1
Ubon_Ratchathani,104.871011,15.245518,120.000000,0,1,1,0,0,1,1,1,1,0,0,1
Utsteinen,23.333333,-71.950000,1396.000000,1,1,0,0,0,0,0,0,0,0,0,1
Jaipur,75.806217,26.905817,450.000000,1,1,1,1,1,1,1,1,1,1,1,1
Yellowknife_Aurora,-114.376250,62.451300,220.800000,0,0,0,1,0,1,1,1,1,1,1,0
Birkenes,8.252310,58.388450,230.000000,1,1,1,1,1,1,1,1,1,1,1,1
Bandung,107.610000,-6.888417,826.000000,1,1,1,1,1,1,0,0,0,0,0,0
Zinder_Airport,8.990233,13.776683,456.000000,1,1,1,1,1,1,1,1,1,1,1,1
LISCO,-73.341767,40.954517,12.000000,1,1,1,1,1,1,1,1,1,1,1,1
UMBC,-76.709353,39.254628,79.000000,0,0,0,0,0,0,0,0,1,1,1,1
Univ_of_Lethbridge,-112.868967,49.681672,904.000000,0,0,1,1,1,1,1,1,1,1,1,0
Kelowna_UAS,-119.400111,49.941294,456.000000,1,1,1,1,1,1,1,1,1,1,1,1
NCAR,-105.242770,40.037530,1622.000000,0,0,0,0,0,0,0,0,0,0,1,1
Eforie,28.632222,44.075000,40.000000,0,0,0,0,0,0,1,1,1,1,1,0
IASBS,48.507111,36.705167,1805.000000,1,1,1,1,1,1,1,1,1,1,1,0
QOMS_CAS,86.948056,28.365000,4276.000000,1,1,1,1,0,1,1,1,1,1,1,1
Ittoqqortoormiit,-21.951200,70.484800,68.000000,0,1,1,1,1,1,1,1,1,1,0,0
Lucinda,146.386100,-18.519800,8.000000,1,1,1,1,1,1,1,1,1,1,1,1
ND_Marbel_Univ,124.842531,6.496011,70.000000,1,0,0,0,0,0,1,1,0,1,1,1
WaveCIS_Site_CSI_6,-90.483333,28.866667,33.581000,1,1,1,1,1,1,1,1,1,1,1,1
Goldstone,-116.791667,35.233333,1100.000000,0,0,0,0,1,1,1,1,1,1,1,1
Pokhara,83.975180,28.186643,800.000000,0,0,0,0,0,0,0,0,0,1,1,1
Baengnyeong,124.630278,37.966111,136.000000,0,0,0,0,0,0,1,1,1,1,1,1
CalTech,-118.126167,34.136730,260.000000,1,1,1,1,1,1,1,1,1,1,1,1
Yuma,-114.582780,32.644138,63.000000,0,1,0,1,1,1,1,1,1,1,1,0
CUT-TEPAK,33.042750,34.674806,22.000000,1,1,1,1,1,1,1,1,1,1,1,1
Dushanbe,68.857911,38.553264,821.000000,0,0,0,0,0,1,1,1,1,1,1,1
Appalachian_State,-81.693800,36.214600,1080.000000,1,1,1,1,1,1,1,1,1,1,1,1
Aubiere_LAMP,3.111072,45.760960,423.000000,0,1,1,1,1,1,1,1,1,1,1,1
Timisoara,21.227360,45.746260,122.000000,1,1,1,1,1,1,1,1,1,1,1,1
USC_SEAPRISM,-118.117820,33.563710,31.000000,0,0,0,0,0,0,1,1,1,1,1,1
Tabernas_PSA-DLR,-2.358180,37.090760,500.000000,1,1,1,1,1,1,1,1,1,1,0,0
Yonsei_University,126.934790,37.564430,97.000000,1,1,1,1,1,1,1,1,1,1,0,1
Georgia_Tech,-84.399537,33.780202,294.000000,1,1,1,1,1,1,1,1,1,1,1,1
Montsec,0.729689,42.051417,1574.000000,1,1,1,1,1,1,1,0,0,0,0,0
Palma_de_Mallorca,2.625100,39.553300,10.000000,1,1,1,1,1,1,1,1,1,1,1,1
Masdar_Institute,54.616600,24.441600,4.000000,1,1,1,1,0,0,0,0,0,0,0,0
ARM_Gan_Island,73.149896,-0.690597,1.000000,1,1,1,1,0,0,0,0,0,1,0,0
Magurele_Inoe,26.030703,44.348292,90.000000,1,1,1,1,1,1,1,1,1,1,1,1
Grand_Forks,-97.325450,47.911750,268.000000,1,1,0,0,0,0,0,1,1,1,1,1
USM_Penang,100.302310,5.358380,51.000000,0,0,1,1,1,1,1,1,1,1,1,1
Chiba_University,140.103800,35.624700,60.000000,1,1,1,1,1,1,1,1,0,1,1,1
Sandia_NM_PSEL,-106.540069,35.054583,1662.500000,1,1,1,1,1,1,1,1,1,1,1,1
Fresno_2,-119.773020,36.785370,100.000000,1,1,1,1,1,1,1,1,1,1,1,1
Bure_OPE,5.505000,48.562500,393.000000,1,1,1,1,1,1,1,1,1,1,1,1
DRAGON_Hankuk_UFS,127.265820,37.338830,167.000000,0,0,0,0,0,0,0,0,0,1,0,0
Univ_of_Nevada-Reno,-119.814033,39.540867,1410.000000,1,1,1,1,1,1,1,1,1,1,1,1
Coruna,-8.420800,43.363000,67.000000,1,1,1,1,1,1,1,1,1,1,1,1
Hong_Kong_Sheung,114.116600,22.483300,40.000000,1,1,1,1,1,1,1,1,1,1,0,1
Cairo_EMA_2,31.290067,30.080767,70.000000,1,1,1,1,1,1,1,1,1,1,1,1
NEON_CVALLA,-105.167250,40.160630,1539.000000,1,1,1,1,1,1,1,1,1,1,1,1
KAUST_Campus,39.102833,22.304833,11.200000,1,1,1,1,1,1,1,1,1,1,1,1
Tai_Ping,114.362000,10.375500,4.000000,0,1,1,1,1,1,1,1,1,1,1,1
Madrid,-3.723950,40.451900,680.000000,1,1,1,1,1,1,1,1,1,1,1,1
Bayfordbury,-0.096240,51.776320,75.000000,1,1,1,1,0,0,1,1,1,1,1,1
Tizi_Ouzou,4.055833,36.698611,133.000000,0,0,0,0,0,1,0,0,0,0,0,0
Iasi_LOASL,27.555556,47.193056,175.000000,1,1,1,1,1,1,1,0,1,1,1,1
U_of_Wisconsin_SSEC,-89.411354,43.072492,330.000000,1,0,1,1,1,1,1,1,1,1,1,1
Kyiv-AO,30.498000,50.452300,200.000000,1,1,1,1,0,0,0,0,0,0,0,0
Bhola,90.756415,22.226675,7.000000,1,1,1,1,1,1,1,1,1,1,1,1
Jambi,103.641563,-1.632445,30.000000,1,1,1,1,1,1,1,1,1,1,1,1
Pontianak,109.190860,0.075380,2.000000,1,1,1,1,1,1,1,1,1,1,1,1
Zaragoza,-0.882350,41.633400,250.000000,1,1,1,1,1,1,1,1,1,1,1,1
Dhaka_University,90.398190,23.728390,34.000000,1,1,1,1,1,1,0,1,1,1,1,1
Lake_Lefroy,121.705000,-31.255000,300.000000,1,1,1,1,0,1,1,1,1,1,1,1
FZJ-JOYCE,6.413056,50.908333,111.000000,1,1,0,1,1,1,1,1,1,1,0,0
Badajoz,-7.010820,38.882808,186.000000,1,1,1,1,1,1,1,1,1,1,1,1
Gangneung_WNU,128.867000,37.771000,60.000000,1,1,1,1,1,1,1,1,1,1,1,1
Hankuk_UFS,127.265820,37.338830,167.000000,1,1,1,1,1,1,1,1,1,1,1,1
Fukue,128.682000,32.752000,80.000000,1,1,1,1,1,1,1,1,1,1,1,1
Fukuoka,130.475000,33.524000,30.000000,1,1,1,1,1,1,1,1,1,1,1,1
Cerro_Poyos,-3.487261,37.108869,1809.000000,0,0,0,0,0,0,1,1,1,1,0,0
Montesoro_Bastia,9.435050,42.671983,49.900000,0,0,0,0,0,0,0,0,0,1,0,0
Valladolid,-4.705830,41.663600,705.000000,1,1,1,1,1,1,1,1,1,1,1,1
Palangkaraya,113.946240,-2.227990,27.000000,1,1,1,1,1,1,1,1,1,1,1,1
Medellin,-75.577914,6.260672,1471.000000,0,0,0,0,0,0,0,0,0,1,1,1
Murcia,-1.170700,38.001000,69.000000,1,1,1,1,1,1,1,1,1,1,1,1
UH_Coastal_Center,-95.042500,29.388300,5.000000,0,0,0,0,0,0,0,1,1,1,1,1
Doi_Ang_Khang,99.045400,19.932450,1536.000000,1,1,1,1,1,1,1,1,1,1,1,1
Beijing-CAMS,116.316670,39.933330,106.000000,1,1,1,1,1,1,1,1,1,1,1,1
MetObs_Lindenberg,14.120870,52.209275,120.000000,0,1,1,1,1,1,1,1,1,1,1,1
Gozo,14.264694,36.034139,111.000000,1,0,1,0,1,1,0,0,0,0,0,0
Ben_Salem,9.914003,35.550550,130.000000,0,0,0,0,0,1,1,1,1,1,1,1
HohenpeissenbergDWD,11.011900,47.801900,989.680000,1,1,1,1,1,1,1,1,1,1,1,1
Fowlers_Gap,141.700820,-31.086300,181.000000,1,1,1,1,1,1,1,1,1,1,1,1
Santa_Monica_Colg,-118.471130,34.016850,55.000000,1,0,1,1,1,1,1,1,1,1,1,1
Beijing_RADI,116.378600,40.004800,59.000000,1,1,1,1,1,1,1,1,1,1,1,1
DRAGON_Smith_Point,-94.786969,29.546111,1.000000,0,0,0,0,0,0,0,1,1,1,1,1
Galata_Platform,28.193190,43.044624,31.000000,1,1,1,1,1,1,1,1,1,1,1,1
IMPROVE-MammothCave,-86.147900,37.131800,235.000000,1,1,1,1,1,1,1,1,1,1,1,1
St_Louis_University,-90.231552,38.636342,159.000000,1,1,1,1,1,0,1,0,0,0,1,1
Mingo,-90.143200,36.971700,111.000000,1,1,1,1,1,1,0,0,1,1,1,1
EPA-Res_Triangle_Pk,-78.870000,35.880000,109.000000,1,1,1,1,1,1,1,1,1,1,1,1
Itajuba,-45.452389,-22.413250,856.000000,0,0,0,0,0,0,1,1,1,1,1,1
SP_Bayboro,-82.633000,27.761550,5.000000,1,1,1,1,1,1,1,1,1,1,1,1
Narsarsuaq,-45.419379,61.155952,75.000000,1,1,1,1,1,1,1,1,1,1,1,0
Tallahassee,-84.299350,30.445833,49.000000,1,1,1,1,1,1,1,1,1,1,1,1
CEILAP-Comodoro,-67.462875,-45.792153,49.000000,1,1,1,1,1,1,1,1,1,1,1,1
Fort_McKay,-111.640000,57.183500,267.000000,1,1,1,1,1,1,1,1,0,0,0,0
NEON_Sterling,-103.029297,40.461903,1372.000000,1,1,0,1,1,1,1,1,1,1,1,1
Strzyzow,21.861300,49.878600,450.000000,1,1,1,1,1,1,1,1,1,1,0,0
ARM_Graciosa,-28.029170,39.091090,15.200000,1,1,1,1,1,1,1,1,1,1,1,1
ARM_Oliktok_AK,-149.880000,70.499500,2.000000,0,0,1,1,1,1,0,0,0,0,0,0
NEON-CPER,-104.744238,40.812444,1655.000000,1,1,1,1,1,1,1,1,1,1,1,1
LAQUILA_Coppito,13.350636,42.368386,656.000000,1,1,1,1,1,1,1,1,1,1,1,1
Toulouse_MF,1.374320,43.572610,160.000000,1,1,1,1,1,1,1,1,1,1,1,1
CEILAP-Neuquen,-68.136660,-38.952220,271.000000,1,1,1,1,1,1,1,1,1,1,1,1
AOE_Baotou,109.628800,40.851700,1314.000000,0,0,1,1,1,1,1,1,1,1,1,1
Mongu_Inn,23.134333,-15.266667,1040.000000,1,1,1,1,1,1,1,1,1,1,1,1
Zeebrugge-MOW1,3.120000,51.362000,15.000000,0,0,0,0,0,0,0,0,1,1,1,1
Santiago_Beauchef,-70.661666,-33.457222,560.000000,1,1,1,0,0,0,0,0,1,0,1,1
Peterhof,29.826000,59.881000,58.000000,1,1,1,1,0,1,0,0,0,0,0,0
SEGC_Lope_Gabon,11.600820,-0.201550,280.000000,1,1,1,1,1,1,1,1,1,1,1,1
Finokalia-FKL,25.669762,35.337712,258.000000,1,1,1,1,1,1,1,1,1,1,1,1
American_Samoa,-170.564400,-14.247200,76.000000,1,1,1,1,1,1,1,1,1,0,0,0
Gobabeb,15.041058,-23.561619,405.000000,1,1,1,1,1,1,1,1,1,1,1,1
Medenine-IRA,10.642547,33.499633,33.500000,1,1,1,1,1,1,1,1,1,1,1,1
Berlin_FUB,13.310333,52.457500,80.000000,1,1,1,1,1,1,0,0,1,1,1,1
Easton-MDE,-76.084250,38.794972,4.500000,0,0,0,0,0,1,1,1,1,1,1,1
Durban_UKZN,30.944011,-29.817233,205.000000,0,1,1,1,1,1,1,0,0,1,1,1
NEON_Bartlett,-71.287203,44.063881,273.000000,1,1,1,1,1,1,1,1,1,1,1,1
NEON_Harvard,-72.172661,42.536900,348.000000,1,1,1,1,1,1,1,1,1,1,1,1
Sirmione_Museo_GC,10.605833,45.500278,86.500000,1,1,1,0,0,0,0,0,0,0,0,0
NEON-Disney,-81.436200,28.125039,19.000000,1,1,1,1,1,1,1,1,1,1,1,1
NEON_OSBS,-81.993431,29.689269,47.000000,1,1,1,1,1,1,1,1,1,1,1,1
USGS_Flagstaff_ROLO,-111.634420,35.214840,2179.600000,1,1,1,1,1,1,1,1,1,1,1,1
Raciborz,18.191700,50.083100,230.000000,1,1,1,1,1,1,1,1,1,1,0,0
Socheongcho,124.738039,37.423133,28.000000,1,1,1,1,1,1,1,1,1,1,1,0
NEON_RMNP,-105.545972,40.275900,2750.000000,1,1,1,1,1,0,1,1,1,1,1,1
NEON_SCBI,-78.139500,38.892919,354.000000,1,1,1,1,1,1,1,1,1,1,1,1
NEON_UNDE,-89.537250,46.233881,520.000000,1,1,1,1,1,1,1,1,1,1,1,1
NEON_OAES,-99.058790,35.410590,523.000000,1,0,0,0,0,1,1,1,1,0,1,1
Nong_Khai,102.716710,17.877200,175.000000,1,1,1,0,0,1,1,1,1,1,1,1
Nicosia,33.381353,35.140628,181.000000,1,1,1,1,1,1,1,1,1,1,1,1
NEON_TALL,-87.393269,32.950461,165.000000,1,1,1,1,1,1,1,1,1,1,1,1
Huancayo-IGP,-75.320900,-12.040200,3313.000000,1,1,1,1,1,1,1,1,1,1,1,1
Poprad-Ganovce,20.322000,49.035000,706.000000,0,1,1,1,1,1,1,1,1,1,0,0
AgiaMarina_Xyliatou,33.057700,35.038000,521.000000,1,1,1,1,1,1,1,1,1,1,1,1
NEON_ORNL,-84.282588,35.964128,344.000000,1,1,1,1,1,1,1,1,1,1,1,1
Taylor_Ranch_TWRS,-114.849950,45.103500,1159.000000,1,1,1,1,1,1,1,1,1,1,1,1
NEON_ONAQ,-112.452439,40.177589,1656.000000,1,1,1,1,1,1,1,1,1,1,1,1
NEON_KONZ,-96.563090,39.100770,415.000000,1,1,1,1,1,1,1,1,1,1,1,1
NEON_WOOD,-99.241356,47.128228,590.000000,1,1,1,1,1,1,1,1,1,1,1,1
Simonstown_IMT,18.445670,-34.192720,27.000000,1,1,1,1,1,1,1,0,0,0,0,0
NEON_MOAB,-109.388269,38.248331,1799.000000,1,1,1,0,0,0,0,0,0,1,1,1
Camborne_MO,-5.326560,50.217820,87.000000,1,0,1,1,1,1,1,1,1,0,1,1
Makassar,119.572270,-4.997680,16.000000,0,0,0,0,1,1,1,1,1,1,1,1
Sorong,131.267700,-0.874600,127.000000,1,1,1,1,1,1,1,1,1,1,1,1
NEON_MLBS,-80.524836,37.378306,1170.000000,1,1,1,1,1,1,1,1,1,0,0,0
Douliu,120.544800,23.711700,60.000000,1,1,1,1,1,1,1,1,1,1,1,1
Hokkaido_University,141.340700,43.075500,59.000000,0,0,1,1,1,1,1,1,1,1,1,1
Cachoeira_Paulista,-45.006000,-22.689000,574.000000,1,1,1,1,1,1,1,1,1,1,1,1
Aras_de_los_Olmos,-1.101600,39.945000,1280.000000,1,1,1,1,1,0,0,0,1,1,1,1
Weizmann_Institute,34.810531,31.907235,73.000000,1,1,1,0,0,0,0,1,1,1,1,1
Upington,21.156000,-28.379000,865.000000,0,0,0,1,1,1,1,1,1,1,1,1
NEON_SERC,-76.560017,38.890117,9.753600,1,1,1,1,1,1,1,1,1,1,1,1
Bukit_Kototabang,100.318050,-0.201940,864.500000,1,1,1,1,1,1,1,1,1,1,0,0
NEON_UKFS,-95.192150,39.040431,321.000000,1,1,1,1,1,1,1,1,1,1,1,1
NEON_LENO,-88.161219,31.853881,43.000000,1,1,1,1,1,1,1,1,1,1,1,1
Amazon_ATTO_Tower,-58.999867,-2.144117,210.000000,1,1,0,1,1,0,1,1,1,1,1,1
Koforidua_ANUC,-0.302058,6.109408,205.000000,1,1,1,1,1,1,1,1,1,1,1,1
NEON_HEAL,-149.213339,63.875689,678.180000,0,0,0,1,1,1,1,1,1,1,1,0
Loftus_MO,-0.861733,54.562700,159.000000,0,0,1,1,1,1,1,1,1,1,1,1
Watnall_MO,-1.250958,53.005652,120.000000,0,1,1,1,1,1,1,1,1,1,1,1
Napoli_CeSMA,14.306567,40.836842,50.000000,1,1,1,1,1,1,1,1,1,1,1,1
Windpoort,15.482778,-19.365556,1206.000000,1,1,1,1,1,1,1,1,1,1,1,1
HESS,16.502944,-23.273000,1818.000000,1,1,1,1,1,1,1,1,1,1,1,1
Lubango,13.445000,-14.958000,2047.000000,1,1,1,1,1,1,0,1,1,1,0,1
Namibe,12.178000,-15.159000,11.000000,1,1,1,1,1,0,1,1,1,1,1,0
KORUS_UNIST_Ulsan,129.189700,35.581900,106.000000,1,1,1,1,1,1,1,1,1,1,1,1
Niigata,138.942000,37.846000,10.000000,1,1,1,1,1,1,1,1,1,1,1,1
Lamezia_Terme,16.232100,38.876400,8.000000,0,1,0,0,0,0,0,0,1,0,0,0
NEON_GUAN,-66.868700,17.969550,128.000000,1,0,1,1,1,1,1,1,0,0,0,0
Bakersfield,-119.000008,35.331506,108.000000,1,1,1,1,1,1,1,1,1,1,0,1
Lake_Erie,-83.193600,41.825600,173.500000,0,0,0,0,0,0,1,1,1,1,1,0
EastMalling_MO,0.440000,51.290000,33.000000,1,1,1,1,1,1,1,1,1,1,1,1
NASA_KSC,-80.663476,28.463763,1.200000,0,0,0,0,0,1,1,1,0,0,1,1
Rhyl_MO,-3.508590,53.259290,77.000000,0,0,1,1,1,1,1,1,1,1,1,1
Modesto,-120.994220,37.642170,33.000000,0,0,0,1,1,1,1,1,1,1,1,1
St_Helena,-5.667300,-15.942400,434.000000,1,1,1,1,1,1,1,1,1,1,1,1
Santiago_Beauchef_2,-70.661666,-33.457222,560.000000,1,1,1,0,0,0,0,0,0,0,0,0
Stornoway_MO,-6.182147,58.211560,82.500000,1,1,0,0,1,1,1,1,1,1,1,0
Beijing_PKU,116.310200,39.992000,53.000000,1,1,1,0,0,1,1,1,1,1,1,1
Mount_Wilson,-118.055900,34.224700,1710.000000,0,0,0,0,0,0,0,0,0,1,1,1
SP-EACH,-46.499670,-23.481630,754.000000,1,1,1,1,1,1,1,1,1,1,1,1
Portglenone_MO,-6.457000,54.865000,64.000000,0,0,0,1,1,1,1,1,1,1,1,1
Lerwick_MO,-1.185113,60.139372,82.000000,1,1,1,1,1,1,1,0,0,0,1,0
Technion_Haifa_IL,35.024900,32.775870,230.000000,0,0,0,0,0,0,0,1,1,1,1,1
UPC-GEAB-Valledupar,-73.329300,9.559600,157.000000,1,1,1,1,1,1,1,1,1,1,1,1
Glasgow_MO,-4.531220,55.906800,59.000000,1,0,1,1,1,1,1,1,1,1,1,1
Oxford,-1.256000,51.759000,87.000000,0,0,0,0,0,0,0,1,1,1,1,1
Vienna_BOKU,16.331611,48.237861,266.000000,1,1,1,1,1,1,1,1,1,1,1,1
Cape_Fuguei_Station,121.537859,25.297452,40.000000,1,1,1,1,0,0,0,1,1,1,0,0
CATUC_Bamenda,10.156300,5.949100,1293.000000,1,1,1,1,1,1,1,1,1,1,1,1
LAMTO-STATION,-5.026617,6.223517,105.000000,1,1,1,1,1,1,1,1,1,1,1,1
NEON_NIWO,-105.582369,40.054250,3513.000000,1,1,1,1,1,1,0,1,1,1,1,1
NEON_GRSM,-83.501950,35.688961,579.000000,1,1,1,1,0,1,1,1,1,1,1,1
NEON_TOOL,-149.370469,68.661089,843.000000,0,0,0,1,1,1,1,0,1,0,0,0
NEON_CLBJ,-97.570000,33.401230,259.000000,1,1,1,1,1,1,1,1,1,1,1,1
NEON_SRER,-110.835489,31.910681,983.000000,1,1,1,1,1,1,1,1,1,1,1,1
NEON_DEJU,-145.751361,63.881119,529.000000,0,0,1,1,1,1,0,0,1,1,1,0
NEON_BARR,-156.619360,71.282410,6.000000,0,0,0,0,0,1,1,1,1,1,0,0
Mandalay_MTU,96.186136,21.972896,104.000000,1,1,1,0,0,0,0,0,0,0,0,0
SDSU_IPLab,-96.786075,44.314828,518.000000,0,0,0,1,1,1,1,1,1,1,1,0
UNC-Palmira,-76.307610,3.512295,1065.200000,1,1,0,1,0,1,1,1,1,1,0,0
Rome_La_Sapienza,12.515773,41.901695,75.000000,1,1,1,1,1,1,1,1,1,1,1,1
Amity_Univ_Gurgaon,76.916031,28.317329,285.000000,1,1,1,1,1,1,1,0,0,0,1,1
Brno_Airport,16.683330,49.156470,238.000000,0,0,0,1,1,1,1,1,1,1,1,0
NEON_SJER,-119.732280,37.108780,368.000000,1,1,1,1,1,1,1,1,1,1,1,1
NEON_NOGP,-100.915350,46.769719,578.000000,1,1,1,1,1,1,1,1,1,1,1,1
Rexburg_Idaho,-111.783010,43.820110,1501.000000,1,1,1,1,1,1,1,1,1,1,1,1
Pilar_Cordoba,-63.882597,-31.667411,333.000000,1,1,1,1,1,1,1,1,1,1,1,1
Hampton_University,-76.336500,37.020400,12.120000,0,0,0,0,1,1,1,1,1,1,1,1
Ny_Alesund_AWI,11.923040,78.923166,7.000000,0,0,1,1,1,1,1,1,1,0,0,0
NEON_BONA,-147.502583,65.154033,263.000000,0,0,0,0,1,1,1,1,1,1,0,0
NEON_TEAK,-119.006019,37.005831,2147.000000,1,1,1,1,1,1,1,1,1,1,1,1
San_Cristobal_USFQ,-89.608790,-0.895400,22.000000,1,1,1,1,1,1,1,1,1,0,0,1
Sakeji_School,24.312000,-11.232956,1406.000000,1,1,0,1,1,1,0,1,1,1,1,0
Quito_USFQ,-78.435589,-0.196244,2414.000000,1,1,1,1,1,1,1,1,1,1,1,1
PNNL,-119.278800,46.340950,127.000000,1,1,1,1,1,1,1,1,1,1,1,1
Brest_MF,-4.411855,48.444565,101.000000,1,1,1,1,1,1,0,0,1,1,1,1
NEON_WREF,-121.951912,45.820488,407.000000,1,1,1,1,1,1,0,1,1,1,1,1
ARM_SGP,-97.485619,36.605175,319.000000,1,1,1,1,1,1,1,1,1,1,1,1
DEWA_ResearchCentre,55.369125,24.766847,86.800000,0,0,0,0,0,0,0,0,0,0,1,1
ARIAKE_TOWER,130.271950,33.103617,15.000000,0,0,1,1,1,1,1,1,1,1,1,1
Dibrugarh_Univ,94.896889,27.450850,119.000000,1,1,0,1,0,1,1,0,1,0,0,1
Learmonth,114.096700,-22.240700,9.000000,1,1,1,1,1,1,1,1,1,1,1,1
Maldives_Gan,73.150000,-0.690500,4.000000,1,1,1,1,1,1,1,0,0,1,1,1
Kaohsiung,120.292171,22.675621,15.000000,1,1,1,1,1,1,1,1,1,1,1,1
Warsaw_UW,20.982636,52.210932,117.000000,1,1,1,1,1,1,1,1,1,1,0,0
Bidur,85.140096,27.895500,576.000000,1,1,1,0,0,0,0,0,0,0,0,0
Xitun,120.616900,24.162200,91.000000,1,1,1,1,1,1,1,1,1,1,1,1
AAOT,12.508300,45.313900,10.000000,1,1,1,1,1,1,1,1,1,1,1,1
Misamfu,31.224100,-10.171200,1381.000000,1,1,1,1,1,1,1,1,1,1,1,1
South_Greenbay,-87.951200,44.596330,175.870000,0,0,0,0,1,1,1,1,1,0,0,0
Kluane_Lake,-138.410000,61.027000,773.000000,0,0,0,0,0,1,1,1,1,0,0,0
Granite_Island,-87.412000,46.720800,183.000000,1,1,1,1,1,1,1,1,1,1,1,1
ASI_Malindi,40.194500,-2.996000,12.000000,1,1,1,1,1,1,1,1,0,0,1,1
Migal,35.578278,33.236394,200.000000,1,1,1,1,1,1,1,1,1,1,1,1
BMKG_GAW_PALU,120.182900,-1.650300,1370.000000,1,1,1,1,0,0,0,0,1,0,0,0
Antikythera_NOA,23.309820,35.860990,193.000000,1,1,1,1,1,1,1,1,1,1,1,1
Majadas,-5.775914,39.955031,258.000000,1,1,0,0,1,1,1,0,0,0,0,0
PSDA_Chile,-69.929028,-24.090306,965.000000,0,0,0,0,0,0,0,1,1,1,1,1
ETNA_VENA,15.138600,37.790500,735.000000,1,1,1,1,0,0,0,0,0,0,0,0
Punta_Arenas_UMAG,-70.884500,-53.135400,25.000000,1,1,1,1,1,1,1,1,1,1,1,0
Irbe_Lighthouse,21.722970,57.750920,38.000000,0,0,0,0,0,1,1,1,1,1,1,0
Pinehurst_Idaho,-116.236917,47.536739,680.000000,1,1,1,1,1,1,1,1,1,1,1,1
NEON_YELL,-110.539140,44.953480,2116.000000,1,1,1,1,1,1,1,1,1,1,1,1
Payerne,6.942019,46.812408,491.000000,0,0,0,0,0,1,1,0,0,0,0,0
VirginiaTech,-80.424681,37.230775,690.000000,0,0,0,0,0,0,1,1,1,1,1,1
Montevideo_FING,-56.166767,-34.918167,71.000000,1,1,1,1,1,1,1,1,1,1,1,1
NEON_PUUM,-155.317242,19.553144,1685.000000,1,1,1,1,1,1,1,1,1,1,1,1
Campus_USACH,-70.681567,-33.449900,550.000000,1,1,1,1,1,1,1,1,1,0,0,0
Qena_SVU,32.747029,26.199924,75.700000,1,0,0,0,0,0,0,0,0,0,0,0
Bangkok,100.517700,13.749100,57.100000,1,1,1,0,0,1,1,1,1,1,1,1
Okinawa_Hedo,128.249000,26.867000,60.000000,0,1,1,1,1,1,1,1,1,1,1,1
Sra_Kaeo,102.504300,13.688900,67.800000,0,0,0,0,0,0,0,0,0,0,0,1
Casablanca_Platform,1.358000,40.717000,35.000000,1,1,1,1,1,1,1,1,1,1,1,1
TASA_Taiwan,121.001122,24.783889,99.000000,1,1,1,1,0,0,0,0,1,1,1,1
UEM_Maputo,32.598833,-25.949667,59.200000,1,1,1,1,0,1,1,1,1,1,1,1
Matorova_FMI,24.240012,67.999970,340.000000,0,1,1,1,1,1,1,1,1,0,0,0
Niassa,37.566560,-12.155120,510.000000,0,0,1,1,1,1,1,1,1,1,1,1
Railroad_Valley2,-115.691000,38.497000,1437.000000,0,0,0,1,1,1,1,1,1,1,1,1
Dakar_Belair,-17.425600,14.701700,15.000000,1,1,1,1,1,1,1,1,1,1,1,1
Hainich_UGOE,10.452200,51.079200,439.000000,1,1,1,1,1,0,0,0,0,0,0,0
Meridian_DEQ,-116.347989,43.600697,808.000000,1,1,1,1,1,1,1,1,1,1,1,1
Cascade_Airport,-116.016825,44.495286,1447.000000,0,0,1,1,1,1,1,1,1,1,1,0
Tumbarumba,147.949900,-35.708300,776.000000,0,1,1,1,1,1,1,1,1,1,1,1
Kemigawa_Offshore,140.023330,35.610833,8.200000,0,0,1,1,1,1,1,1,1,1,1,1
Section-7_Platform,29.446600,44.545800,30.000000,1,1,1,1,1,1,1,1,1,1,1,1
BMKG_Jakarta,106.841197,-6.155239,35.000000,0,1,1,1,1,1,1,1,1,1,1,1
Kupang,123.667097,-10.139178,30.000000,1,1,1,1,1,1,1,1,1,1,1,1
Salton_Sea,-115.855930,33.169230,-32.000000,1,1,0,1,1,1,1,1,1,1,1,1
Roque_Muchachos,-17.893900,28.763900,2396.000000,1,1,1,1,1,1,1,1,1,1,1,1
Croisic_UTLN,-2.513400,47.293606,6.000000,1,1,1,0,0,0,0,0,0,0,0,0
Debrzyna_PULS,16.592157,53.782500,158.000000,1,1,1,1,1,1,1,1,0,0,0,0
Pretoria_CSIR-EC,28.278441,-25.750126,1403.000000,1,1,1,1,1,1,1,1,1,1,1,1
Bahia_Blanca,-61.721667,-39.148333,15.000000,0,0,1,1,1,1,1,1,1,1,1,1
Escudero_Station,-58.965700,-62.201500,33.000000,1,1,1,1,1,0,0,0,1,0,0,1
Univ_of_Auckland,174.768143,-36.852621,100.000000,1,1,1,1,1,1,1,1,1,1,1,0
Sacramento_CARB,-121.493110,38.568440,15.000000,0,0,0,0,0,0,0,0,1,1,1,1
Maido_OPAR,55.383087,-21.079850,2160.000000,1,0,0,0,0,0,1,1,1,1,1,1
Princeton_Univ,-74.652190,40.350280,71.000000,0,0,1,1,0,0,0,0,0,0,0,0
DRAGON_Mt_Happo,137.798126,36.696944,1846.000000,0,0,1,1,1,1,0,0,0,0,0,0
DRAGON_Hakuba,137.864134,36.700556,703.000000,0,0,1,1,1,1,1,1,1,1,1,0
DRAGON_Matsumoto,137.977832,36.251389,626.000000,1,1,1,1,1,1,1,1,1,1,1,1
DRAGON_Suwa,138.108754,36.045556,766.000000,1,1,1,1,1,1,1,1,1,1,1,0
DRAGON_Mt_Krigamine,138.168297,36.098056,1674.000000,0,0,1,1,1,1,0,0,0,0,0,0
DRAGON_Kofu,138.571534,35.678889,314.000000,1,1,1,1,1,1,1,1,1,1,1,1
DRAGON_Mt_Haruna,138.877794,36.475556,1359.000000,1,1,1,1,1,1,1,1,1,1,1,0
DRAGON_Minowa,137.980741,35.915000,713.000000,1,1,1,1,1,1,1,1,1,1,1,1
DRAGON_Ina,137.961250,35.847500,683.000000,1,1,1,1,1,1,1,1,1,1,1,1
DRAGON_Iida,137.842199,35.516667,490.000000,1,1,1,1,1,1,1,1,1,1,1,1
Sofia_IEBAS,23.386800,42.653900,631.000000,1,1,1,1,1,0,1,1,1,1,1,1
Chiang_Dao,98.960900,19.454722,450.000000,1,1,1,1,1,1,1,1,1,1,1,1
Masdar_Institute_2,54.616600,24.441600,4.000000,1,1,1,1,1,1,1,1,1,1,0,1
USDA_ALARC,-111.973390,33.077454,377.000000,1,1,1,1,1,1,1,1,1,1,1,0
Herstmonceux,0.334378,50.867517,82.800000,0,0,0,1,1,1,1,1,0,1,1,0
Gosan_NIMS_SNU,126.205800,33.300100,52.000000,1,1,1,1,1,1,1,1,1,1,1,1
Zugspitze_KIT,10.986000,47.421000,2961.460000,1,1,1,1,1,1,0,0,0,0,0,0
DRAGON_Omachi,137.851400,36.503056,751.000000,0,0,1,1,1,1,1,1,1,1,1,0
DRAGON_Takayama,137.304500,36.252778,1296.000000,0,0,1,1,1,1,1,1,1,1,1,0
Tel-Aviv_University,34.806200,32.112900,76.000000,1,1,1,1,1,1,1,1,1,1,1,1
San_Marco_Platform,40.214722,-2.941667,20.000000,1,1,1,1,1,1,1,1,1,1,1,1
Erlin,120.409600,23.925300,16.000000,1,1,1,1,1,1,1,1,1,1,0,0
Metsi,27.132408,-26.490781,1404.000000,0,1,1,1,1,1,1,1,1,1,1,1
London-CDN,-81.270000,43.008000,258.000000,1,1,1,1,1,1,1,1,1,1,1,0
TGF_Tsukuba,140.096000,36.113889,25.000000,1,1,1,1,1,1,1,1,1,1,1,0
IIT_Delhi,77.192600,28.545000,15.000000,0,1,1,1,1,1,1,1,1,1,1,1
AAU_ET,38.747778,9.019167,2370.000000,1,1,1,1,1,1,1,1,1,1,1,0
Girardota_Colombia,-75.448979,6.376324,1452.000000,1,1,1,0,0,0,0,0,0,1,0,0
Freiburg_ALU,7.848600,48.001100,323.500000,1,1,1,1,1,1,0,0,0,0,0,0
Dugway_Utah,-113.214080,40.101944,1313.688000,1,1,1,1,0,0,0,0,0,0,0,0
Ji_Parana_UNIR_2,-61.981200,-10.970200,171.000000,1,0,0,0,0,0,0,0,0,0,0,0
Chesapeake_Bay,-76.348900,39.123510,30.000000,0,0,0,0,0,0,0,0,0,1,1,1
Lake_Okeechobee_N,-80.788803,27.139117,10.000000,1,1,1,1,1,1,1,1,1,1,1,1
Guadiana-UGR,-3.228483,37.910839,370.000000,1,1,1,1,1,1,1,1,1,1,1,1
Amsterdam_Ruisdael,4.866967,52.334336,57.000000,0,0,1,0,0,0,0,0,0,0,0,0
Chachoengsao,101.450000,13.500000,60.000000,0,1,1,1,1,1,1,1,1,1,1,1
Apulian_Tavoliere,15.501600,41.460840,90.000000,0,0,0,0,0,1,1,1,1,1,1,1
Capel_Dewi,-4.004613,52.424804,48.000000,1,1,1,1,1,0,0,0,1,1,0,0
YUMA_SL,-114.582780,32.644138,63.000000,0,0,0,1,1,1,1,1,1,1,1,1
Asuncion_Airport,-57.514727,-25.235809,83.000000,0,0,1,1,1,1,1,1,1,1,0,1
NREL-Golden,-105.177990,39.743725,1833.000000,0,0,1,1,1,1,1,1,1,1,1,1
KITcube_Rottenburg,8.955358,48.489074,339.000000,0,0,0,1,1,1,1,1,1,1,0,0
Momuy_MF,-0.609200,43.624300,124.000000,0,0,0,0,0,1,1,1,1,1,1,1
FORTH_RSLab,25.132861,35.336111,50.000000,1,1,1,1,0,0,0,0,0,0,0,1
WFF_X-75_Sci_Obs,-75.477517,37.843908,10.000000,0,0,0,0,1,1,1,1,1,1,1,1
Sacramento_River,-121.887550,38.049531,3.000000,0,0,0,0,1,1,1,0,0,0,0,0
Manchester_UoM,-2.232006,53.467374,94.000000,0,0,0,0,0,1,1,1,0,0,0,0
NPL_Teddington,-0.344500,51.425800,160.000000,0,0,0,0,0,0,1,1,1,1,1,1
Highfield,0.174500,51.608000,42.100000,0,0,0,0,0,1,1,1,1,0,1,1
ECCOE-EROS-InstFarm,-96.621850,43.733706,485.000000,0,0,0,0,0,0,1,0,0,0,0,0
ECCOE-Mann-Farm-SD,-98.215017,43.997131,393.000000,0,0,0,0,0,0,0,0,1,1,0,0
ECCOE-SDSU-R-Park,-96.762250,44.321064,507.000000,0,0,0,0,0,0,0,1,1,0,0,0
Soverato_IMAA,16.545278,38.689444,40.000000,0,0,0,0,0,1,1,1,1,1,0,0
Lewis-Clark_ID_USA,-117.027170,46.413153,268.000000,0,0,0,0,0,0,1,1,1,1,1,1
Mindelo_OSCM,-24.995374,16.877772,10.000000,0,0,0,1,0,1,1,1,1,1,1,1
Marseille_ATMO,5.395000,43.305900,65.000000,0,0,0,0,0,0,1,1,1,1,1,1
Montreal,-73.620786,45.522558,62.000000,0,0,0,0,0,0,1,1,1,1,0,0
OU_NWC,-97.440306,35.181861,379.600000,0,0,0,1,1,1,1,1,1,1,1,1
Berlin_FRIE,13.398000,52.507500,128.000000,0,0,0,0,0,0,1,1,1,1,1,1
ECCOE-Edwards-AFB,-117.879672,34.947386,694.000000,0,0,0,0,0,0,1,0,0,0,0,0
UH_Liberty,-94.763000,30.096944,20.000000,0,0,0,0,0,0,0,1,1,1,1,1
ARM_Gothic,-106.988000,38.956000,2894.000000,0,0,0,0,0,0,1,1,1,1,1,1
ARM_LaPorte,-95.059000,29.669000,7.000000,0,0,0,0,0,0,0,1,1,1,1,1
UH_Aldine,-95.326125,29.901111,20.000000,0,0,0,0,0,0,0,0,1,1,1,1
UH_Sugarland,-95.652000,29.574167,22.000000,0,0,0,0,0,0,0,0,1,1,1,1
ECCOE-Moneta-WY,-107.695394,43.150422,1674.000000,0,0,0,0,0,0,0,0,1,0,0,0
Alta_Floresta_IF,-56.064393,-9.908354,288.000000,0,0,0,0,0,0,0,0,1,1,1,0
ATHENS_NTUA,23.783088,37.977036,215.000000,0,0,0,0,0,0,1,1,1,1,1,1
Union_Glacier,-82.913100,-79.767900,742.000000,0,0,0,0,0,0,0,0,0,0,1,1
Helmos_NTUA,22.198250,38.005580,1700.000000,0,0,0,0,0,0,0,0,0,1,1,0
La_Palma,-17.848611,28.486667,630.000000,0,0,0,0,0,0,0,0,1,1,1,1
Carmel_Valley,-121.646400,36.402100,340.000000,0,0,0,1,0,0,0,0,0,1,1,1
Roosevelt_HS,-76.868269,38.994375,60.000000,0,0,0,0,0,0,0,0,0,1,1,1
ECCOE-Guymon-OK,-101.478700,36.714822,920.000000,0,0,0,0,0,0,0,0,0,0,1,0
ECCOE-CoconinoNF-AZ,-111.566153,35.447761,1944.000000,0,0,0,0,0,0,0,0,0,0,1,0
ATTO-Campina,-59.021861,-2.181583,30.000000,0,0,0,0,0,0,0,0,0,0,0,1
AU_NSW_Lidcombe,151.046700,-33.931390,40.000000,0,0,0,0,0,0,0,0,0,0,0,1
Kosetice_NAOK,15.081300,49.571800,530.000000,0,0,0,0,0,1,1,1,1,1,1,1
Aspendale_Mel_AU,145.101500,-38.024640,18.000000,0,1,1,1,1,1,1,1,0,0,0,1
