Coastal_aerosol	RSR_coastal_aerosol	Blue	RSR_blue	Green	RSR_green	Red	RSR_red	NIR	RSR_NIR	SWIR-I	RSR_SWIR-I
427	0.000073	436	0.00001	512	-0.000046	625	-0.000342	829	-0.000034	1515	-0.000016
428	0.000609	437	0.000061	513	0.000016	626	0.00027	830	0.000011	1516	0.000067
429	0.001628	438	0.000117	514	0.00011	627	0.000895	831	0.00005	1517	0.000151
430	0.003421	439	0.000241	515	0.000247	628	0.00185	832	0.0001	1518	0.000249
431	0.008019	440	0.000349	516	0.000362	629	0.003648	833	0.000239	1519	0.000348
432	0.024767	441	0.000455	517	0.000648	630	0.007197	834	0.000314	1520	0.000466
433	0.085688	442	0.000756	518	0.000935	631	0.014515	835	0.000495	1521	0.000585
434	0.254149	443	0.001197	519	0.001332	632	0.030432	836	0.000719	1522	0.000758
435	0.517821	444	0.00207	520	0.001816	633	0.066861	837	0.000986	1523	0.000932
436	0.765117	445	0.003712	521	0.002515	634	0.148518	838	0.001445	1524	0.00115
437	0.908749	446	0.006869	522	0.003446	635	0.299778	839	0.002107	1525	0.001369
438	0.958204	447	0.013212	523	0.00488	636	0.526812	840	0.00316	1526	0.001613
439	0.977393	448	0.02717	524	0.007024	637	0.764443	841	0.004744	1527	0.001859
440	0.98379	449	0.058606	525	0.010441	638	0.905473	842	0.007059	1528	0.002172
441	0.989052	450	0.130876	526	0.016247	639	0.947949	843	0.0109	1529	0.002488
442	0.986713	451	0.27137	527	0.025513	640	0.950823	844	0.017346	1530	0.002881
443	0.993683	452	0.493542	528	0.041451	641	0.947418	845	0.028332	1531	0.003277
444	0.993137	453	0.723971	529	0.070551	642	0.951831	846	0.048191	1532	0.003772
445	1	454	0.85751	530	0.123444	643	0.962705	847	0.084363	1533	0.004271
446	0.996969	455	0.894222	531	0.21168	644	0.975075	848	0.145365	1534	0.004898
447	0.98278	456	0.903034	532	0.353885	645	0.984173	849	0.249733	1535	0.005528
448	0.972692	457	0.910928	533	0.545856	646	0.983613	850	0.403526	1536	0.006421
449	0.905808	458	0.90988	534	0.741205	647	0.983434	851	0.582623	1537	0.007319
450	0.745606	459	0.899475	535	0.865225	648	0.982911	852	0.745037	1538	0.008459
451	0.471329	460	0.897977	536	0.927396	649	0.973636	853	0.890315	1539	0.009606
452	0.226412	461	0.889667	537	0.954627	650	0.959441	854	0.960215	1540	0.010989
453	0.09286	462	0.883542	538	0.954163	651	0.955641	855	0.986833	1541	0.012372
454	0.036603	463	0.877453	539	0.959215	652	0.955548	856	0.973133	1542	0.014303
455	0.014537	464	0.881011	540	0.961328	653	0.953337	857	0.980606	1543	0.016248
456	0.005829	465	0.874721	541	0.964902	654	0.956628	858	0.99612	1544	0.019029
457	0.002414	466	0.879688	542	0.969873	655	0.981688	859	1	1545	0.021831
458	0.000984	467	0.886569	543	0.952489	656	1	860	0.989777	1546	0.02589
459	0.000255	468	0.891913	544	0.961397	657	0.992388	861	0.980733	1547	0.029952
		469	0.88768	545	0.97827	658	0.984615	862	0.975935	1548	0.035171
		470	0.861157	546	0.977533	659	0.981568	863	0.972043	1549	0.040434
		471	0.848533	547	0.977001	660	0.97696	864	0.957357	1550	0.047864
		472	0.840828	548	0.980884	661	0.97298	865	0.951209	1551	0.055352
		473	0.828339	549	0.990784	662	0.98108	866	0.947044	1552	0.065732
		474	0.844202	550	1	663	0.996804	867	0.953162	1553	0.076166
		475	0.865864	551	0.992264	664	0.992142	868	0.951499	1554	0.089024
		476	0.868497	552	0.982642	665	0.980678	869	0.94845	1555	0.101893
		477	0.890253	553	0.983832	666	0.964002	870	0.940094	1556	0.12015
		478	0.912538	554	0.977765	667	0.962154	871	0.950632	1557	0.138642
		479	0.910385	555	0.965081	668	0.970778	872	0.956079	1558	0.163127
		480	0.918822	556	0.957314	669	0.96718	873	0.96646	1559	0.187803
		481	0.931726	557	0.946245	670	0.966928	874	0.969821	1560	0.220261
		482	0.931813	558	0.947871	671	0.949928	875	0.93661	1561	0.252894
		483	0.954248	559	0.959038	672	0.848855	876	0.891066	1562	0.291359
		484	0.955545	560	0.966534	673	0.609359	877	0.788733	1563	0.329939
		485	0.96242	561	0.977656	674	0.31635	878	0.63532	1564	0.375648
		486	0.956424	562	0.966447	675	0.123946	879	0.448364	1565	0.42147
		487	0.953352	563	0.953399	676	0.046033	880	0.288847	1566	0.47356
		488	0.978564	564	0.958314	677	0.017702	881	0.174619	1567	0.525681
		489	0.989104	565	0.970039	678	0.007333	882	0.100343	1568	0.578787
		490	0.985615	566	0.978607	679	0.003205	883	0.058265	1569	0.631645
		491	0.989469	567	0.983397	680	0.001402	884	0.034532	1570	0.676683
		492	0.982262	568	0.98096	681	0.000554	885	0.02072	1571	0.721282
		493	0.968801	569	0.974522	682	0.000117	886	0.01244	1572	0.75477
		494	0.967332	570	0.967229	683	-0.000122	887	0.007601	1573	0.788248
		495	0.976836	571	0.979406	684	-0.000289	888	0.004702	1574	0.821155
		496	0.988729	572	0.978208	685	-0.000376	889	0.002944	1575	0.854065
		497	0.980826	573	0.975818	686	-0.000396	890	0.00187	1576	0.87337
		498	0.967361	574	0.974392	687	-0.000458	891	0.001192	1577	0.89183
		499	0.954754	575	0.979973	688	-0.000488	892	0.000743	1578	0.899817
		500	0.964132	576	0.968827	689	-0.000457	893	0.000423	1579	0.907252
		501	0.966125	577	0.969181	690	-0.000429	894	0.000241	1580	0.913009
		502	0.966772	578	0.967838	691	-0.000417	895	0.000116	1581	0.918685
		503	0.981834	579	0.982956			896	0.000044	1582	0.922953
		504	0.98232	580	0.979598			897	-0.000013	1583	0.927163
		505	0.965685	581	0.963811			898	-0.00005	1584	0.92686
		506	0.963135	582	0.968886			899	-0.000084	1585	0.926413
		507	0.972261	583	0.983655			900	-0.0001	1586	0.925059
		508	0.996498	584	0.986657					1587	0.923683
		509	1	585	0.974207					1588	0.923953
		510	0.9556	586	0.946407					1589	0.924259
		511	0.844893	587	0.904478					1590	0.922828
		512	0.534592	588	0.809275					1591	0.921383
		513	0.190738	589	0.684974					1592	0.922061
		514	0.048329	590	0.525304					1593	0.922756
		515	0.013894	591	0.345364					1594	0.924648
		516	0.005328	592	0.190467					1595	0.926605
		517	0.002611	593	0.087833					1596	0.934552
		518	0.001557	594	0.035393					1597	0.942525
		519	0.0011	595	0.014077					1598	0.944351
		520	0.000785	596	0.005944					1599	0.945872
		521	0.000516	597	0.002574					1600	0.946175
		522	0.000321	598	0.001046					1601	0.946432
		523	0.000162	599	0.000394					1602	0.947006
		524	0.000072	600	0.000085					1603	0.947589
		525	0.000057	601	-0.000084					1604	0.950194
		526	0.000023	602	-0.000194					1605	0.952859
		527	0.000032	603	-0.000234					1606	0.951303
		528	-0.000016	604	-0.000292					1607	0.94967
				605	-0.000307					1608	0.953047
				606	-0.000343					1609	0.956494
				607	-0.000348					1610	0.959047
				608	-0.000329					1611	0.961545
				609	-0.000351					1612	0.960048
				610	-0.000317					1613	0.958335
										1614	0.959835
										1615	0.96147
										1616	0.960857
										1617	0.960175
										1618	0.960813
										1619	0.961486
										1620	0.964703
										1621	0.967943
										1622	0.969314
										1623	0.970589
										1624	0.973713
										1625	0.976906
										1626	0.9791
										1627	0.981258
										1628	0.981285
										1629	0.981372
										1630	0.988609
										1631	0.995869
										1632	0.998021
										1633	1
										1634	0.999848
										1635	0.999642
										1636	0.99659
										1637	0.993439
										1638	0.986217
										1639	0.978989
										1640	0.967125
										1641	0.95512
										1642	0.936199
										1643	0.917239
										1644	0.879424
										1645	0.840967
										1646	0.796545
										1647	0.751893
										1648	0.694313
										1649	0.636542
										1650	0.573232
										1651	0.509946
										1652	0.451966
										1653	0.39403
										1654	0.34275
										1655	0.291752
										1656	0.251309
										1657	0.211153
										1658	0.180823
										1659	0.15054
										1660	0.128463
										1661	0.106664
										1662	0.090735
										1663	0.074941
										1664	0.06379
										1665	0.052752
										1666	0.045028
										1667	0.03731
										1668	0.031821
										1669	0.02635
										1670	0.022504
										1671	0.018724
										1672	0.016045
										1673	0.013394
										1674	0.011483
										1675	0.009587
										1676	0.008227
										1677	0.006882
										1678	0.00591
										1679	0.00494
										1680	0.004257
										1681	0.003576
										1682	0.003055
										1683	0.002541
										1684	0.00216
										1685	0.001781
										1686	0.001512
										1687	0.001244
										1688	0.00104
										1689	0.000837
										1690	0.000677
										1691	0.000517
										1692	0.000409
										1693	0.000301
										1694	0.000206
										1695	0.000112
										1696	0.00004
										1697	-0.000031
