B1,rsr_B1,B2,rsr_B2,B3,rsr_B3,B4,rsr_B4,B5,rsr_B5,B6,rsr_B6,B7,rsr_B7,B8,rsr_B8,B8A,rsr_B8A,B9,rsr_B9,B10,rsr_B10,B11,rsr_B11,B12,rsr_B12
411,0.0062411,456,0.05529541,536,0.00188039,646,0.00499358,694,0.01042619,730,0.01739744,766,0.0103729,774,0.00037316,848,0.00167523,930,0.0121336,1339,0.00002472,1538,0.00001154,2065,0.00022389
412,0.01024045,457,0.12005068,537,0.01545903,647,0.02642563,695,0.05713826,731,0.10565746,767,0.03754921,775,0.00296451,849,0.01602231,931,0.04608767,1340,0.00013691,1539,0.00002707,2066,0.00073676
413,0.00402983,458,0.25199051,538,0.03660414,648,0.11905127,696,0.21461286,732,0.38571484,768,0.11240409,776,0.01663315,850,0.03225867,932,0.15156613,1341,0.00012558,1540,0.00008129,2067,0.00164703
414,0.00642179,459,0.4623617,539,0.08100583,649,0.333204,697,0.54715702,733,0.78168196,769,0.25890105,777,0.02818619,851,0.07345268,933,0.35888361,1342,0.00008901,1541,0.0001701,2068,0.00301151
415,0.00552753,460,0.65162379,540,0.16917887,650,0.59813448,698,0.87088164,734,0.90518378,770,0.48035521,778,0.05000442,852,0.1689243,934,0.60704101,1343,0.00012425,1542,0.00027422,2069,0.00458328
416,0.0065525,461,0.77642171,541,0.33278274,651,0.80612041,699,0.96808183,735,0.91562509,771,0.73155954,779,0.08575595,853,0.34543042,935,0.83836043,1344,0.00009941,1543,0.00034456,2070,0.00592584
417,0.00409887,462,0.82319091,542,0.58622794,652,0.91152955,700,0.99104427,736,0.92258804,772,0.91293607,780,0.14871265,854,0.56923369,936,0.93474094,1345,0.00013952,1544,0.00046028,2071,0.00752876
418,0.006297,463,0.83083116,543,0.80916412,653,0.92179127,701,1,737,0.93134141,773,0.97124929,781,0.25701156,855,0.79611745,937,0.94270146,1346,0.00015816,1545,0.00065214,2072,0.00874103
419,0.00436742,464,0.83382106,544,0.913051,654,0.91677167,702,0.99512875,738,0.9469604,774,0.96391197,782,0.42307501,856,0.93749188,938,0.95838078,1347,0.00019272,1546,0.00082283,2073,0.01025764
420,0.00233356,465,0.837526,545,0.94472284,655,0.90751672,703,0.98751456,739,0.96535098,775,0.95529249,783,0.62943997,857,0.98102805,939,0.99064712,1348,0.00025959,1547,0.00107791,2074,0.01222618
421,0.00058162,466,0.86304286,546,0.94898813,656,0.89867522,704,0.97910038,740,0.97817455,776,0.964831,784,0.80112571,858,0.98742384,940,0.99789825,1349,0.00032221,1548,0.0014306,2075,0.01458055
422,0.00202276,467,0.88226141,547,0.94369132,657,0.89413622,705,0.97035979,741,0.99107716,777,0.98628988,785,0.90352196,859,0.99457226,941,1,1350,0.00034719,1549,0.00196134,2076,0.01744267
423,0.00294328,468,0.90486326,548,0.92845674,658,0.89685141,706,0.95875454,742,0.99990615,778,1,786,0.93855197,860,0.99912415,942,0.98593726,1351,0.0003699,1550,0.00266427,2077,0.02104287
424,0.00485362,469,0.92043837,549,0.91256938,659,0.89933396,707,0.94130694,743,1,779,0.99782157,787,0.94406104,861,0.99993652,943,0.97333604,1352,0.00054874,1551,0.00368682,2078,0.02540339
425,0.00317041,470,0.93602675,550,0.90078036,660,0.90191681,708,0.92531149,744,0.97144118,780,0.98343012,788,0.9474892,862,1,944,0.95776631,1353,0.00105434,1552,0.00522456,2079,0.03057901
426,0.00237657,471,0.930533,551,0.89958598,661,0.90710817,709,0.89283152,745,0.81937503,781,0.96489467,789,0.96325767,863,0.99437257,945,0.972226,1354,0.00218813,1553,0.00758401,2080,0.03719619
427,0.00234612,472,0.92714067,552,0.90547138,662,0.9164622,710,0.76531084,746,0.46748011,782,0.94619093,790,0.97948137,864,0.98756135,946,0.94856942,1355,0.00480743,1554,0.01126335,2081,0.04572365
428,0.00440152,473,0.9161479,553,0.92045355,663,0.92908702,711,0.50228771,747,0.09409351,783,0.92560158,791,0.99144397,865,0.98263615,947,0.94367414,1356,0.01135252,1555,0.01715812,2082,0.05630242
429,0.01292397,474,0.90551724,554,0.94065665,664,0.9426682,712,0.17957688,748,0.00983236,784,0.90788186,792,0.99630748,866,0.9790323,948,0.90771555,1357,0.02671185,1556,0.02674581,2083,0.06994211
430,0.05001678,475,0.89745515,555,0.96199681,665,0.95591935,713,0.0337948,,,785,0.88471259,793,1,867,0.97397518,949,0.88460732,1358,0.05776022,1557,0.04145595,2084,0.08791078
431,0.18650104,476,0.90266694,556,0.98186744,666,0.96854537,714,0.00240526,,,786,0.85693094,794,0.99827121,868,0.97130259,950,0.85258329,1359,0.11176337,1558,0.06300627,2085,0.11057655
432,0.45441623,477,0.90854264,557,0.9985841,667,0.98264967,,,,,787,0.82513165,795,0.99843182,869,0.9645338,951,0.83375172,1360,0.19587518,1559,0.09464207,2086,0.13873936
433,0.72307877,478,0.92047913,558,1,668,0.99231022,,,,,788,0.7734046,796,0.98914342,870,0.95610202,952,0.71599386,1361,0.31418191,1560,0.13995799,2087,0.17311239
434,0.83999211,479,0.92417935,559,0.99279888,669,1,,,,,789,0.66767522,797,0.98264167,871,0.93941552,953,0.52202762,1362,0.46188068,1561,0.20105412,2088,0.21416774
435,0.86456334,480,0.91845025,560,0.97801325,670,0.99904114,,,,,790,0.47756609,798,0.96769944,872,0.89155652,954,0.26922852,1363,0.62292578,1562,0.28189591,2089,0.26175285
436,0.87472096,481,0.90743244,561,0.95301174,671,0.99257339,,,,,791,0.23225321,799,0.95752283,873,0.77601041,955,0.09477806,1364,0.7709851,1563,0.38134665,2090,0.31696031
437,0.89215296,482,0.89733983,562,0.9266333,672,0.97943242,,,,,792,0.06764032,800,0.95074919,874,0.5951886,956,0.02640828,1365,0.88086652,1564,0.4907345,2091,0.38057337
438,0.91090814,483,0.88646415,563,0.89359131,673,0.96553214,,,,,793,0.01301456,801,0.9458125,875,0.37588812,957,0.00346547,1366,0.9448941,1565,0.60674263,2092,0.44916129
439,0.92588017,484,0.87189983,564,0.86941793,674,0.95377013,,,,,794,0.00117425,802,0.94267916,876,0.18394037,,,1367,0.97405066,1566,0.71505301,2093,0.52246923
440,0.93924094,485,0.85643973,565,0.84827,675,0.94146127,,,,,,,803,0.9465958,877,0.07870072,,,1368,0.98616696,1567,0.80391496,2094,0.59858476
441,0.94491826,486,0.84473414,566,0.83908301,676,0.92151286,,,,,,,804,0.94450012,878,0.0332686,,,1369,0.99306955,1568,0.87015099,2095,0.67183039
442,0.95078529,487,0.84190734,567,0.83206209,677,0.89308475,,,,,,,805,0.93992861,879,0.01575167,,,1370,0.99775441,1569,0.91645643,2096,0.73762307
443,0.96803023,488,0.85644111,568,0.8291787,678,0.83539461,,,,,,,806,0.92759688,880,0.00159818,,,1371,1,1570,0.94668952,2097,0.79267856
444,0.99939195,489,0.87782724,569,0.83305844,679,0.69759082,,,,,,,807,0.91226544,,,,,1372,0.99942348,1571,0.96391534,2098,0.83543144
445,1,490,0.90261174,570,0.84630939,680,0.49483622,,,,,,,808,0.89079677,,,,,1373,0.99616891,1572,0.97305962,2099,0.86612544
446,0.97548364,491,0.91840544,571,0.86396307,681,0.27886075,,,,,,,809,0.8706102,,,,,1374,0.99082045,1573,0.97704089,2100,0.88613168
447,0.96148351,492,0.94585847,572,0.87268076,682,0.10892715,,,,,,,810,0.85021777,,,,,1375,0.9842131,1574,0.97777566,2101,0.89739036
448,0.94986211,493,0.96887192,573,0.86818339,683,0.03028701,,,,,,,811,0.83416655,,,,,1376,0.97708513,1575,0.97686717,2102,0.90131058
449,0.91841452,494,0.99336135,574,0.8554947,684,0.00747382,,,,,,,812,0.82214927,,,,,1377,0.97013647,1576,0.97531356,2103,0.90056883
450,0.87989802,495,0.99927899,575,0.80839054,685,0.00087148,,,,,,,813,0.8124078,,,,,1378,0.96374366,1577,0.97336816,2104,0.89688046
451,0.80383677,496,1,576,0.67650876,,,,,,,,,814,0.80920229,,,,,1379,0.95755001,1578,0.9714563,2105,0.89211284
452,0.59752075,497,0.99520325,577,0.45584205,,,,,,,,,815,0.80220847,,,,,1380,0.95127438,1579,0.9697157,2106,0.88771935
453,0.30474132,498,0.98412711,578,0.24737576,,,,,,,,,816,0.79081499,,,,,1381,0.94546638,1580,0.96907419,2107,0.88417799
454,0.10798014,499,0.97947473,579,0.12765465,,,,,,,,,817,0.78239761,,,,,1382,0.94069659,1581,0.96968255,2108,0.88183136
455,0.0304465,500,0.97808297,580,0.0589016,,,,,,,,,818,0.76731527,,,,,1383,0.93759595,1582,0.97051178,2109,0.88142338
456,0.00885119,501,0.97213439,581,0.02564742,,,,,,,,,819,0.75394962,,,,,1384,0.93624612,1583,0.97272986,2110,0.88242075
,,502,0.96277794,582,0.00515905,,,,,,,,,820,0.74226922,,,,,1385,0.93510206,1584,0.97613656,2111,0.88687585
,,503,0.95342234,,,,,,,,,,,821,0.72750987,,,,,1386,0.93054472,1585,0.97894419,2112,0.89245189
,,504,0.93802376,,,,,,,,,,,822,0.71976209,,,,,1387,0.91630845,1586,0.9810083,2113,0.89861914
,,505,0.92460144,,,,,,,,,,,823,0.71456726,,,,,1388,0.88530334,1587,0.98350836,2114,0.90533051
,,506,0.90932642,,,,,,,,,,,824,0.71982866,,,,,1389,0.83129653,1588,0.9848292,2115,0.91254666
,,507,0.90192251,,,,,,,,,,,825,0.72746214,,,,,1390,0.74856466,1589,0.98438948,2116,0.91988456
,,508,0.89184298,,,,,,,,,,,826,0.73945306,,,,,1391,0.63524397,1590,0.98389859,2117,0.92662076
,,509,0.88963556,,,,,,,,,,,827,0.75138424,,,,,1392,0.49733159,1591,0.98334634,2118,0.93280462
,,510,0.89146958,,,,,,,,,,,828,0.76310661,,,,,1393,0.34907723,1592,0.9814301,2119,0.9381479
,,511,0.89877911,,,,,,,,,,,829,0.77122498,,,,,1394,0.21259735,1593,0.97936035,2120,0.94308713
,,512,0.91056869,,,,,,,,,,,830,0.78298312,,,,,1395,0.10971453,1594,0.97802641,2121,0.94528987
,,513,0.92427362,,,,,,,,,,,831,0.78494127,,,,,1396,0.04789269,1595,0.97623515,2122,0.94711578
,,514,0.93823555,,,,,,,,,,,832,0.78409222,,,,,1397,0.01853013,1596,0.97537114,2123,0.94827846
,,515,0.95311791,,,,,,,,,,,833,0.7834498,,,,,1398,0.00716776,1597,0.97569131,2124,0.94854335
,,516,0.97150808,,,,,,,,,,,834,0.78216032,,,,,1399,0.0031533,1598,0.97679261,2125,0.94782599
,,517,0.98737003,,,,,,,,,,,835,0.78062401,,,,,1400,0.00157017,1599,0.97898052,2126,0.94683272
,,518,0.99658514,,,,,,,,,,,836,0.78132572,,,,,1401,0.00084901,1600,0.98199689,2127,0.94584552
,,519,0.99367959,,,,,,,,,,,837,0.7813272,,,,,1402,0.00053006,1601,0.98520852,2128,0.94458923
,,520,0.98144714,,,,,,,,,,,838,0.7810081,,,,,1403,0.00033171,1602,0.98866135,2129,0.94320642
,,521,0.95874415,,,,,,,,,,,839,0.77897938,,,,,1404,0.00019447,1603,0.99233425,2130,0.94161778
,,522,0.89291635,,,,,,,,,,,840,0.7761445,,,,,1405,0.00022104,1604,0.99480248,2131,0.94216937
,,523,0.73566218,,,,,,,,,,,841,0.76910534,,,,,1406,0.00022646,1605,0.99589079,2132,0.94300085
,,524,0.52060373,,,,,,,,,,,842,0.7625494,,,,,1407,0.00018156,1606,0.9958911,2133,0.94396863
,,525,0.3322804,,,,,,,,,,,843,0.75157186,,,,,1408,0.00016063,1607,0.99475534,2134,0.94500784
,,526,0.19492197,,,,,,,,,,,844,0.74086146,,,,,1409,0.00015475,1608,0.99207775,2135,0.94593652
,,527,0.11732617,,,,,,,,,,,845,0.73121299,,,,,1410,0.00014734,1609,0.98856394,2136,0.94680905
,,528,0.07507304,,,,,,,,,,,846,0.71988688,,,,,1411,0.00014776,1610,0.9848769,2137,0.94766521
,,529,0.05094154,,,,,,,,,,,847,0.71025573,,,,,1412,0.00017405,1611,0.98106836,2138,0.94866638
,,530,0.03213016,,,,,,,,,,,848,0.69679744,,,,,1413,0.00023619,1612,0.97677436,2139,0.94960932
,,531,0.01510217,,,,,,,,,,,849,0.68602501,,,,,1414,0.00012007,1613,0.97351815,2140,0.95040536
,,532,0.00447984,,,,,,,,,,,850,0.67163906,,,,,1415,0.00004337,1614,0.97192459,2141,0.95078607
,,,,,,,,,,,,,,851,0.65532408,,,,,,,1615,0.97052192,2142,0.95126357
,,,,,,,,,,,,,,852,0.64173681,,,,,,,1616,0.97043004,2143,0.95205865
,,,,,,,,,,,,,,853,0.62683353,,,,,,,1617,0.9723835,2144,0.9524548
,,,,,,,,,,,,,,854,0.61241074,,,,,,,1618,0.97525347,2145,0.95228734
,,,,,,,,,,,,,,855,0.60185411,,,,,,,1619,0.97856769,2146,0.95215614
,,,,,,,,,,,,,,856,0.59380689,,,,,,,1620,0.98298866,2147,0.95239704
,,,,,,,,,,,,,,857,0.58714687,,,,,,,1621,0.98810437,2148,0.95270563
,,,,,,,,,,,,,,858,0.58444579,,,,,,,1622,0.99268138,2149,0.95306455
,,,,,,,,,,,,,,859,0.58231388,,,,,,,1623,0.99645012,2150,0.9535262
,,,,,,,,,,,,,,860,0.58111599,,,,,,,1624,0.9990686,2151,0.95404061
,,,,,,,,,,,,,,861,0.57996902,,,,,,,1625,1,2152,0.9545903
,,,,,,,,,,,,,,862,0.57480451,,,,,,,1626,0.99902738,2153,0.95529443
,,,,,,,,,,,,,,863,0.57684802,,,,,,,1627,0.99662493,2154,0.95650666
,,,,,,,,,,,,,,864,0.57273034,,,,,,,1628,0.99326995,2155,0.95774374
,,,,,,,,,,,,,,865,0.57144461,,,,,,,1629,0.989647,2156,0.95899449
,,,,,,,,,,,,,,866,0.56985127,,,,,,,1630,0.98577051,2157,0.96021128
,,,,,,,,,,,,,,867,0.57167225,,,,,,,1631,0.98212932,2158,0.96117558
,,,,,,,,,,,,,,868,0.57154913,,,,,,,1632,0.97979728,2159,0.96241242
,,,,,,,,,,,,,,869,0.57292235,,,,,,,1633,0.97946062,2160,0.96389292
,,,,,,,,,,,,,,870,0.57617796,,,,,,,1634,0.980262,2161,0.9633817
,,,,,,,,,,,,,,871,0.5784908,,,,,,,1635,0.98247241,2162,0.96287807
,,,,,,,,,,,,,,872,0.58023702,,,,,,,1636,0.98601349,2163,0.96252982
,,,,,,,,,,,,,,873,0.57982619,,,,,,,1637,0.98957829,2164,0.96163134
,,,,,,,,,,,,,,874,0.57868642,,,,,,,1638,0.99173488,2165,0.96051578
,,,,,,,,,,,,,,875,0.57587451,,,,,,,1639,0.99219848,2166,0.95934879
,,,,,,,,,,,,,,876,0.56976789,,,,,,,1640,0.98937107,2167,0.95816596
,,,,,,,,,,,,,,877,0.56173136,,,,,,,1641,0.98205611,2168,0.95676127
,,,,,,,,,,,,,,878,0.55644176,,,,,,,1642,0.97007817,2169,0.95491383
,,,,,,,,,,,,,,879,0.54881732,,,,,,,1643,0.95307506,2170,0.95287555
,,,,,,,,,,,,,,880,0.54508423,,,,,,,1644,0.93223131,2171,0.95386662
,,,,,,,,,,,,,,881,0.54153848,,,,,,,1645,0.90784439,2172,0.95498503
,,,,,,,,,,,,,,882,0.54069902,,,,,,,1646,0.88392149,2173,0.9555239
,,,,,,,,,,,,,,883,0.53850959,,,,,,,1647,0.86411672,2174,0.95548083
,,,,,,,,,,,,,,884,0.53655263,,,,,,,1648,0.85075738,2175,0.9551674
,,,,,,,,,,,,,,885,0.530404,,,,,,,1649,0.84410342,2176,0.95442758
,,,,,,,,,,,,,,886,0.52068821,,,,,,,1650,0.84337963,2177,0.95327341
,,,,,,,,,,,,,,887,0.50399678,,,,,,,1651,0.84698191,2178,0.95194429
,,,,,,,,,,,,,,888,0.486513,,,,,,,1652,0.84866039,2179,0.95041866
,,,,,,,,,,,,,,889,0.46813829,,,,,,,1653,0.84046041,2180,0.9484181
,,,,,,,,,,,,,,890,0.45468861,,,,,,,1654,0.81336359,2181,0.94839027
,,,,,,,,,,,,,,891,0.44447936,,,,,,,1655,0.75654857,2182,0.94838056
,,,,,,,,,,,,,,892,0.44177056,,,,,,,1656,0.66994259,2183,0.94813039
,,,,,,,,,,,,,,893,0.44425396,,,,,,,1657,0.56517119,2184,0.94753901
,,,,,,,,,,,,,,894,0.44633078,,,,,,,1658,0.45690882,2185,0.94645196
,,,,,,,,,,,,,,895,0.43914074,,,,,,,1659,0.35310835,2186,0.94504703
,,,,,,,,,,,,,,896,0.41748156,,,,,,,1660,0.25633426,2187,0.9433144
,,,,,,,,,,,,,,897,0.3690277,,,,,,,1661,0.17582806,2188,0.94197531
,,,,,,,,,,,,,,898,0.30165803,,,,,,,1662,0.11552613,2189,0.94049427
,,,,,,,,,,,,,,899,0.23504284,,,,,,,1663,0.0733101,2190,0.93875727
,,,,,,,,,,,,,,900,0.17434599,,,,,,,1664,0.04640345,2191,0.94132922
,,,,,,,,,,,,,,901,0.12247894,,,,,,,1665,0.02898639,2192,0.9436129
,,,,,,,,,,,,,,902,0.08354059,,,,,,,1666,0.01853597,2193,0.94558364
,,,,,,,,,,,,,,903,0.05624109,,,,,,,1667,0.01243537,2194,0.94711284
,,,,,,,,,,,,,,904,0.03804368,,,,,,,1668,0.00877131,2195,0.94831802
,,,,,,,,,,,,,,905,0.02427229,,,,,,,1669,0.00630418,2196,0.94945878
,,,,,,,,,,,,,,906,0.01490577,,,,,,,1670,0.00457459,2197,0.95060227
,,,,,,,,,,,,,,907,0.00615862,,,,,,,1671,0.00335323,2198,0.95182631
,,,,,,,,,,,,,,,,,,,,,,1672,0.00245906,2199,0.95345901
,,,,,,,,,,,,,,,,,,,,,,1673,0.001988,2200,0.95510105
,,,,,,,,,,,,,,,,,,,,,,1674,0.00149989,2201,0.95225316
,,,,,,,,,,,,,,,,,,,,,,1675,0.00112208,2202,0.95033203
,,,,,,,,,,,,,,,,,,,,,,1676,0.00078208,2203,0.94956701
,,,,,,,,,,,,,,,,,,,,,,1677,0.00054086,2204,0.94895037
,,,,,,,,,,,,,,,,,,,,,,1678,0.00028019,2205,0.94955832
,,,,,,,,,,,,,,,,,,,,,,1679,0.0001326,2206,0.95152282
,,,,,,,,,,,,,,,,,,,,,,1681,0.00004517,2207,0.95486528
,,,,,,,,,,,,,,,,,,,,,,1682,0.00001313,2208,0.95963437
,,,,,,,,,,,,,,,,,,,,,,,,2209,0.96607045
,,,,,,,,,,,,,,,,,,,,,,,,2210,0.97375116
,,,,,,,,,,,,,,,,,,,,,,,,2211,0.97078626
,,,,,,,,,,,,,,,,,,,,,,,,2212,0.96900558
,,,,,,,,,,,,,,,,,,,,,,,,2213,0.96819786
,,,,,,,,,,,,,,,,,,,,,,,,2214,0.96750837
,,,,,,,,,,,,,,,,,,,,,,,,2215,0.9674355
,,,,,,,,,,,,,,,,,,,,,,,,2216,0.96792378
,,,,,,,,,,,,,,,,,,,,,,,,2217,0.96839035
,,,,,,,,,,,,,,,,,,,,,,,,2218,0.96883692
,,,,,,,,,,,,,,,,,,,,,,,,2219,0.9693902
,,,,,,,,,,,,,,,,,,,,,,,,2220,0.96985301
,,,,,,,,,,,,,,,,,,,,,,,,2221,0.96898817
,,,,,,,,,,,,,,,,,,,,,,,,2222,0.96814874
,,,,,,,,,,,,,,,,,,,,,,,,2223,0.96743874
,,,,,,,,,,,,,,,,,,,,,,,,2224,0.96638941
,,,,,,,,,,,,,,,,,,,,,,,,2225,0.96534457
,,,,,,,,,,,,,,,,,,,,,,,,2226,0.96425351
,,,,,,,,,,,,,,,,,,,,,,,,2227,0.96281969
,,,,,,,,,,,,,,,,,,,,,,,,2228,0.96155971
,,,,,,,,,,,,,,,,,,,,,,,,2229,0.96053251
,,,,,,,,,,,,,,,,,,,,,,,,2230,0.95926107
,,,,,,,,,,,,,,,,,,,,,,,,2231,0.95959913
,,,,,,,,,,,,,,,,,,,,,,,,2232,0.96025143
,,,,,,,,,,,,,,,,,,,,,,,,2233,0.96154033
,,,,,,,,,,,,,,,,,,,,,,,,2234,0.96262988
,,,,,,,,,,,,,,,,,,,,,,,,2235,0.96359875
,,,,,,,,,,,,,,,,,,,,,,,,2236,0.96467154
,,,,,,,,,,,,,,,,,,,,,,,,2237,0.9654114
,,,,,,,,,,,,,,,,,,,,,,,,2238,0.96625109
,,,,,,,,,,,,,,,,,,,,,,,,2239,0.96744643
,,,,,,,,,,,,,,,,,,,,,,,,2240,0.96878244
,,,,,,,,,,,,,,,,,,,,,,,,2241,0.97046916
,,,,,,,,,,,,,,,,,,,,,,,,2242,0.97234778
,,,,,,,,,,,,,,,,,,,,,,,,2243,0.97422228
,,,,,,,,,,,,,,,,,,,,,,,,2244,0.9759326
,,,,,,,,,,,,,,,,,,,,,,,,2245,0.97713045
,,,,,,,,,,,,,,,,,,,,,,,,2246,0.97892333
,,,,,,,,,,,,,,,,,,,,,,,,2247,0.98039008
,,,,,,,,,,,,,,,,,,,,,,,,2248,0.98147316
,,,,,,,,,,,,,,,,,,,,,,,,2249,0.98248415
,,,,,,,,,,,,,,,,,,,,,,,,2250,0.9832885
,,,,,,,,,,,,,,,,,,,,,,,,2251,0.98458694
,,,,,,,,,,,,,,,,,,,,,,,,2252,0.9866985
,,,,,,,,,,,,,,,,,,,,,,,,2253,0.98911057
,,,,,,,,,,,,,,,,,,,,,,,,2254,0.99119702
,,,,,,,,,,,,,,,,,,,,,,,,2255,0.99315819
,,,,,,,,,,,,,,,,,,,,,,,,2256,0.99524701
,,,,,,,,,,,,,,,,,,,,,,,,2257,0.99668121
,,,,,,,,,,,,,,,,,,,,,,,,2258,0.99826512
,,,,,,,,,,,,,,,,,,,,,,,,2259,0.99959594
,,,,,,,,,,,,,,,,,,,,,,,,2260,1
,,,,,,,,,,,,,,,,,,,,,,,,2261,0.99866374
,,,,,,,,,,,,,,,,,,,,,,,,2262,0.99576531
,,,,,,,,,,,,,,,,,,,,,,,,2263,0.99062502
,,,,,,,,,,,,,,,,,,,,,,,,2264,0.98155399
,,,,,,,,,,,,,,,,,,,,,,,,2265,0.96876193
,,,,,,,,,,,,,,,,,,,,,,,,2266,0.95174168
,,,,,,,,,,,,,,,,,,,,,,,,2267,0.92942389
,,,,,,,,,,,,,,,,,,,,,,,,2268,0.90240499
,,,,,,,,,,,,,,,,,,,,,,,,2269,0.8705554
,,,,,,,,,,,,,,,,,,,,,,,,2270,0.83207693
,,,,,,,,,,,,,,,,,,,,,,,,2271,0.78626172
,,,,,,,,,,,,,,,,,,,,,,,,2272,0.73649625
,,,,,,,,,,,,,,,,,,,,,,,,2273,0.68202115
,,,,,,,,,,,,,,,,,,,,,,,,2274,0.62329799
,,,,,,,,,,,,,,,,,,,,,,,,2275,0.56418429
,,,,,,,,,,,,,,,,,,,,,,,,2276,0.50680538
,,,,,,,,,,,,,,,,,,,,,,,,2277,0.4515209
,,,,,,,,,,,,,,,,,,,,,,,,2278,0.4006232
,,,,,,,,,,,,,,,,,,,,,,,,2279,0.35430248
,,,,,,,,,,,,,,,,,,,,,,,,2280,0.30995212
,,,,,,,,,,,,,,,,,,,,,,,,2281,0.26941268
,,,,,,,,,,,,,,,,,,,,,,,,2282,0.23418861
,,,,,,,,,,,,,,,,,,,,,,,,2283,0.20232924
,,,,,,,,,,,,,,,,,,,,,,,,2284,0.17373524
,,,,,,,,,,,,,,,,,,,,,,,,2285,0.14941215
,,,,,,,,,,,,,,,,,,,,,,,,2286,0.1290062
,,,,,,,,,,,,,,,,,,,,,,,,2287,0.11157271
,,,,,,,,,,,,,,,,,,,,,,,,2288,0.09693492
,,,,,,,,,,,,,,,,,,,,,,,,2289,0.08490613
,,,,,,,,,,,,,,,,,,,,,,,,2290,0.07409041
,,,,,,,,,,,,,,,,,,,,,,,,2291,0.06449244
,,,,,,,,,,,,,,,,,,,,,,,,2292,0.056343
,,,,,,,,,,,,,,,,,,,,,,,,2293,0.0493999
,,,,,,,,,,,,,,,,,,,,,,,,2294,0.04321207
,,,,,,,,,,,,,,,,,,,,,,,,2295,0.03800099
,,,,,,,,,,,,,,,,,,,,,,,,2296,0.03348242
,,,,,,,,,,,,,,,,,,,,,,,,2297,0.02900748
,,,,,,,,,,,,,,,,,,,,,,,,2298,0.0251013
,,,,,,,,,,,,,,,,,,,,,,,,2299,0.02003645
,,,,,,,,,,,,,,,,,,,,,,,,2300,0.01384563
,,,,,,,,,,,,,,,,,,,,,,,,2301,0.00850471
,,,,,,,,,,,,,,,,,,,,,,,,2302,0.00443484
,,,,,,,,,,,,,,,,,,,,,,,,2303,0.00085324
,,,,,,,,,,,,,,,,,,,,,,,,,
,,,,,,,,,,,,,,,,,,,,,,,,,
,,,,,,,,,,,,,,,,,,,,,,,,,
,,,,,,,,,,,,,,,,,,,,,,,,,