B1,rsr_B1,B2,rsr_B2,B3,rsr_B3,B4,rsr_B4,B5,rsr_B5,B6,rsr_B6,B7,rsr_B7,B8,rsr_B8,B8A,rsr_B8A,B9,rsr_B9,B10,rsr_B10,B11,rsr_B11,B12,rsr_B12
412,0.001775742,456,0.04255531,538,0.01448181,646,0.00141521,695,0.02835786,731,0.00171088,769,0.00045899,760,0.00067259,837,0.00030097,932,0.01662953,1337,0.00024052,1539,0.00000679,2078,0.00063835
413,0.004073061,457,0.0722983,539,0.03422251,647,0.02590238,696,0.12369337,732,0.05467153,770,0.0117201,761,0.00388856,838,,933,0.06111857,1338,0.00005404,1540,0.00000666,2079,0.00102286
414,0.003626143,458,0.15374322,540,0.07346335,648,0.11651178,697,0.39378774,733,0.25806676,771,0.05219715,769,,839,,934,0.17407094,1339,0.00003052,1541,0.000008,2080,0.00288712
415,0.003515199,459,0.32799225,541,0.15444843,649,0.39088616,698,0.76113071,734,0.64722098,772,0.16561733,770,,840,,935,0.38946454,1340,0.00002872,1542,0.00002734,2081,0.00399879
416,0.005729163,460,0.55336788,542,0.31661425,650,0.74959342,699,0.97108502,735,0.89218999,773,0.36903355,771,,841,,936,0.6645915,1341,0.00007632,1543,0.00003685,2082,0.00658916
417,0.003780292,461,0.71011166,543,0.55322279,651,0.94485805,700,0.99889523,736,0.90232877,774,0.63685453,772,,842,,937,0.87454114,1342,0.00010949,1544,0.00008851,2083,0.00765458
418,0.002636732,462,0.75285179,544,0.74859406,652,0.98011173,701,1,737,0.91508768,775,0.86119638,773,0.00028956,843,,938,0.93695988,1343,0.00008804,1545,0.00014522,2084,0.00799918
419,0.001262113,463,0.75232691,545,0.84890306,653,0.99406309,702,0.99412258,738,0.94115846,776,0.97002897,774,0.00702964,844,,939,0.96751014,1344,0.00012356,1546,0.00024812,2085,0.00853524
420,0.001987583,464,0.75668081,546,0.89772216,654,1,703,0.98321789,739,0.96299993,777,0.99119602,775,0.01752391,845,,940,0.9893391,1345,0.00017424,1547,0.00047627,2086,0.00929493
421,0.001368913,465,0.76326948,547,0.9215368,655,0.99545475,704,0.96704093,740,0.97510481,778,0.99897921,776,0.03231111,846,,941,0.9951269,1346,0.0003317,1548,0.00056335,2087,0.00999614
422,0.001250444,466,0.76239425,548,0.92572845,656,0.99052772,705,0.94847389,741,0.9770217,779,1,777,0.05328661,847,0.00157217,942,1,1347,0.00036891,1549,0.00065326,2088,0.01096645
423,0.000463454,467,0.7852515,549,0.91122688,657,0.97733476,706,0.92714833,742,0.98736251,780,0.97725155,778,0.08299885,848,0.00249886,943,0.97845762,1348,0.0004467,1550,0.00089835,2089,0.01208363
424,0.000814293,468,0.81546669,550,0.88818924,658,0.94055988,707,0.90372458,743,1,781,0.92572385,779,0.12748502,849,0.01332037,944,0.98069118,1349,0.00065919,1551,0.00114664,2090,0.01335837
425,0.001376431,469,0.86179176,551,0.86523756,659,0.87894956,708,0.88614713,744,0.98880277,782,0.86605804,780,0.19591065,850,0.02614866,945,0.9922335,1350,0.0010913,1552,0.00165604,2091,0.01501119
426,0.001485086,470,0.89282599,552,0.84718187,660,0.81629384,709,0.86723745,745,0.97179916,783,0.81969611,781,0.30246323,851,0.05260479,946,0.98798379,1351,0.00196903,1553,0.00241611,2092,0.01711931
427,0.001823735,471,0.9195221,553,0.8387572,661,0.77345952,710,0.79075319,746,0.90126739,784,0.79407674,782,0.43553954,852,0.10779709,947,0.99428313,1352,0.00373668,1554,0.00350246,2093,0.01977307
428,0.001626817,472,0.91900649,554,0.84459081,662,0.75448766,711,0.58840332,747,0.60672391,785,0.79111029,783,0.57141637,853,0.22160755,948,0.98348041,1353,0.00801754,1555,0.00524274,2094,0.02332743
429,0.004392062,473,0.91315754,555,0.86219653,663,0.75991531,712,0.26334833,748,0.20520227,786,0.80431552,784,0.69766701,854,0.39721628,949,0.97820013,1354,0.01884719,1556,0.0081538,2095,0.02765779
430,0.029008099,474,0.90035366,556,0.88838714,664,0.7826343,713,0.05675422,749,0.0267569,787,0.81902721,785,0.80303852,855,0.60986885,950,0.95023367,1355,0.04466732,1557,0.01237062,2096,0.03320435
431,0.118745933,475,0.88989693,557,0.92443236,665,0.8101689,714,0.00618833,,,788,0.82571292,786,0.89115744,856,0.81658883,951,0.95299604,1356,0.10165546,1558,0.0186097,2097,0.04020464
432,0.323875058,476,0.8823246,558,0.96017974,666,0.83612975,,,,,789,0.82011829,787,0.95284584,857,0.9322445,952,0.92240308,1357,0.20111776,1559,0.02721853,2098,0.04886709
433,0.572819207,477,0.87606118,559,0.98685516,667,0.86125424,,,,,790,0.79222195,788,0.98894161,858,0.97210033,953,0.85573828,1358,0.34284841,1560,0.03879155,2099,0.0596238
434,0.714727494,478,0.88429987,560,1,668,0.88609106,,,,,791,0.72054559,789,1,859,0.97545482,954,0.70970227,1359,0.50710992,1561,0.05379167,2100,0.07315348
435,0.761967778,479,0.90695544,561,0.9986008,669,0.91138767,,,,,792,0.58767794,790,0.98840653,860,0.97538048,955,0.46429542,1360,0.6632068,1562,0.07353187,2101,0.09050885
436,0.789297016,480,0.93232085,562,0.98076472,670,0.93405146,,,,,793,0.41430355,791,0.96389216,861,0.97328205,956,0.21538427,1361,0.78377143,1563,0.09932758,2102,0.11143964
437,0.808623866,481,0.93947252,563,0.94522089,671,0.95042063,,,,,794,0.23088817,792,0.94207967,862,0.97607828,957,0.06534121,1362,0.86153862,1564,0.1334178,2103,0.13686671
438,0.810893815,482,0.94383543,564,0.8981778,672,0.9592573,,,,,795,0.09850282,793,0.93694643,863,0.98034955,958,0.01625596,1363,0.91000261,1565,0.18029249,2104,0.16776886
439,0.824198756,483,0.92204086,565,0.85580323,673,0.96039555,,,,,796,0.02736551,794,0.94227343,864,0.98690928,,,1364,0.94193255,1566,0.24484994,2105,0.20341457
440,0.854158107,484,0.8860231,566,0.81841734,674,0.95913395,,,,,797,0.00516235,795,0.95395718,865,0.99087465,,,1365,0.96182259,1567,0.32834511,2106,0.24281992
441,0.870790877,485,0.84743609,567,0.78862048,675,0.95809013,,,,,,,796,0.96828896,866,0.99741818,,,1366,0.97365119,1568,0.42749961,2107,0.28484195
442,0.887310969,486,0.81251687,568,0.76460653,676,0.95527459,,,,,,,797,0.97966549,867,0.99984673,,,1367,0.98169786,1569,0.53576798,2108,0.32711894
443,0.926199242,487,0.7823971,569,0.74963745,677,0.94376465,,,,,,,798,0.9854444,868,0.99939141,,,1368,0.98795826,1570,0.64570396,2109,0.36834301
444,0.982281495,488,0.7731087,570,0.75055111,678,0.89490799,,,,,,,799,0.98592681,869,0.99587928,,,1369,0.99283342,1571,0.74245998,2110,0.40794043
445,1,489,0.77209054,571,0.76137888,679,0.74426308,,,,,,,800,0.98391181,870,0.99541228,,,1370,0.99649788,1572,0.81447017,2111,0.4447145
446,0.975238202,490,0.78742652,572,0.78244479,680,0.476777,,,,,,,801,0.97793903,871,1,,,1371,0.99906011,1573,0.85866596,2112,0.47647207
447,0.93596338,491,0.81217177,573,0.79890086,681,0.22960399,,,,,,,802,0.97722771,872,0.99640762,,,1372,1,1574,0.87924777,2113,0.50303896
448,0.889971481,492,0.84605052,574,0.81016957,682,0.08009118,,,,,,,803,0.97810609,873,0.92359433,,,1373,0.99907734,1575,0.88665266,2114,0.52524762
449,0.850210477,493,0.88767996,575,0.81408886,683,0.02617076,,,,,,,804,0.98144486,874,0.74137684,,,1374,0.99601604,1576,0.888727,2115,0.54328057
450,0.825694526,494,0.92793997,576,0.77358596,684,0.00415242,,,,,,,805,0.98764558,875,0.48965971,,,1375,0.9909083,1577,0.89105732,2116,0.55717994
451,0.783902388,495,0.95069235,577,0.62881065,,,,,,,,,806,0.98857708,876,0.25020643,,,1376,0.98479854,1578,0.89725046,2117,0.5685619
452,0.614174215,496,0.96573311,578,0.40397555,,,,,,,,,807,0.9862422,877,0.11221246,,,1377,0.97802142,1579,0.90632982,2118,0.57895708
453,0.330071087,497,0.96938253,579,0.21542098,,,,,,,,,808,0.98070921,878,0.04755984,,,1378,0.97030114,1580,0.91627527,2119,0.58860881
454,0.124108313,498,0.96570294,580,0.10715281,,,,,,,,,809,0.97078624,879,0.02297815,,,1379,0.96080954,1581,0.9263751,2120,0.59881758
455,0.04365694,499,0.95832003,581,0.04792877,,,,,,,,,810,0.95721089,880,0.01061438,,,1380,0.94849765,1582,0.93515828,2121,0.60990899
456,0.014749595,500,0.95405064,582,0.01848693,,,,,,,,,811,0.93865821,881,0.00108149,,,1381,0.93314108,1583,0.94226446,2122,0.62128986
,,501,0.95178268,583,0.00108588,,,,,,,,,812,0.91672388,,,,,1382,0.91482336,1584,0.94739906,2123,0.63421311
,,502,0.95699722,,,,,,,,,,,813,0.89620759,,,,,1383,0.8937997,1585,0.95131987,2124,0.64847648
,,503,0.96556515,,,,,,,,,,,814,0.872888,,,,,1384,0.86825426,1586,0.95416808,2125,0.66363778
,,504,0.9770514,,,,,,,,,,,815,0.85160331,,,,,1385,0.83023193,1587,0.95635128,2126,0.67997936
,,505,0.97709574,,,,,,,,,,,816,0.8246394,,,,,1386,0.76384193,1588,0.95813297,2127,0.69609688
,,506,0.97436606,,,,,,,,,,,817,0.80078117,,,,,1387,0.65440009,1589,0.96062738,2128,0.71189957
,,507,0.95903183,,,,,,,,,,,818,0.7823386,,,,,1388,0.50671604,1590,0.96344083,2129,0.7269499
,,508,0.93506318,,,,,,,,,,,819,0.76360274,,,,,1389,0.35014737,1591,0.96577764,2130,0.74124079
,,509,0.90190134,,,,,,,,,,,820,0.74962771,,,,,1390,0.21799972,1592,0.96818134,2131,0.75734734
,,510,0.87165792,,,,,,,,,,,821,0.7387221,,,,,1391,0.12643091,1593,0.97104025,2132,0.77201504
,,511,0.84402444,,,,,,,,,,,822,0.73079407,,,,,1392,0.06768988,1594,0.97343195,2133,0.78552587
,,512,0.82280852,,,,,,,,,,,823,0.72271237,,,,,1393,0.0322709,1595,0.97597444,2134,0.79818641
,,513,0.81536043,,,,,,,,,,,824,0.72507708,,,,,1394,0.013544,1596,0.97865413,2135,0.80962939
,,514,0.82057639,,,,,,,,,,,825,0.72563856,,,,,1395,0.00544557,1597,0.97994672,2136,0.81965718
,,515,0.8395149,,,,,,,,,,,826,0.72304217,,,,,1396,0.00237642,1598,0.98064126,2137,0.82855741
,,516,0.86992171,,,,,,,,,,,827,0.72229211,,,,,1397,0.00111267,1599,0.98094979,2138,0.83668178
,,517,0.91526205,,,,,,,,,,,828,0.71616364,,,,,1398,0.00053796,1600,0.98143338,2139,0.84440292
,,518,0.96067028,,,,,,,,,,,829,0.71159446,,,,,1399,0.0003457,1601,0.98123856,2140,0.85106862
,,519,0.99163699,,,,,,,,,,,830,0.70826954,,,,,1400,0.00017488,1602,0.98068083,2141,0.85321701
,,520,1,,,,,,,,,,,831,0.70157205,,,,,1401,0.00021619,1603,0.98033995,2142,0.85471321
,,521,0.98356097,,,,,,,,,,,832,0.69924532,,,,,1402,0.00019479,1604,0.98101894,2143,0.8561428
,,522,0.91130763,,,,,,,,,,,833,0.70093762,,,,,1403,0.00010421,1605,0.98268503,2144,0.85778963
,,523,0.74018256,,,,,,,,,,,834,0.70692733,,,,,1404,0.00005919,1606,0.98507875,2145,0.8594989
,,524,0.50395858,,,,,,,,,,,835,0.71824001,,,,,1405,0.00005109,1607,0.98777658,2146,0.86142876
,,525,0.3050155,,,,,,,,,,,836,0.73124634,,,,,1406,0.00006115,1608,0.9903608,2147,0.86322831
,,526,0.18004605,,,,,,,,,,,837,0.7484061,,,,,1407,0.00005527,1609,0.99202087,2148,0.86511218
,,527,0.10738342,,,,,,,,,,,838,0.76818541,,,,,1408,0.00003856,1610,0.9933069,2149,0.8672932
,,528,0.06593592,,,,,,,,,,,839,0.78394807,,,,,1409,0.00003147,1611,0.99256744,2150,0.86967076
,,529,0.04207746,,,,,,,,,,,840,0.7968381,,,,,1410,0.00012289,1612,0.99044883,2151,0.87427502
,,530,0.02662129,,,,,,,,,,,841,0.80260206,,,,,1411,0.0001089,1613,0.98717314,2152,0.87856212
,,531,0.0143396,,,,,,,,,,,842,0.8045194,,,,,1412,0.00002502,1614,0.98353656,2153,0.88241466
,,532,0.00265779,,,,,,,,,,,843,0.80240918,,,,,,,1615,0.9800432,2154,0.88590611
,,533,0.00081822,,,,,,,,,,,844,0.79699072,,,,,,,1616,0.97617287,2155,0.8894516
,,,,,,,,,,,,,,845,0.78920304,,,,,,,1617,0.97253451,2156,0.89320419
,,,,,,,,,,,,,,846,0.77691621,,,,,,,1618,0.96977033,2157,0.8966738
,,,,,,,,,,,,,,847,0.76518406,,,,,,,1619,0.96762556,2158,0.89987484
,,,,,,,,,,,,,,848,0.75119717,,,,,,,1620,0.9662626,2159,0.90257636
,,,,,,,,,,,,,,849,0.73700357,,,,,,,1621,0.96572411,2160,0.90481219
,,,,,,,,,,,,,,850,0.72262399,,,,,,,1622,0.96592079,2161,0.90550545
,,,,,,,,,,,,,,851,0.70412578,,,,,,,1623,0.96729798,2162,0.90564491
,,,,,,,,,,,,,,852,0.68410805,,,,,,,1624,0.96975438,2163,0.90548208
,,,,,,,,,,,,,,853,0.66474528,,,,,,,1625,0.97337748,2164,0.90513822
,,,,,,,,,,,,,,854,0.64736891,,,,,,,1626,0.97862858,2165,0.90476379
,,,,,,,,,,,,,,855,0.63005125,,,,,,,1627,0.98345358,2166,0.90406427
,,,,,,,,,,,,,,856,0.61564222,,,,,,,1628,0.98765317,2167,0.90332978
,,,,,,,,,,,,,,857,0.60249557,,,,,,,1629,0.9919238,2168,0.90274309
,,,,,,,,,,,,,,858,0.58988992,,,,,,,1630,0.99554959,2169,0.90235795
,,,,,,,,,,,,,,859,0.57993399,,,,,,,1631,0.99767411,2170,0.90196488
,,,,,,,,,,,,,,860,0.57136506,,,,,,,1632,0.99866451,2171,0.90340528
,,,,,,,,,,,,,,861,0.56094242,,,,,,,1633,0.99941783,2172,0.90429478
,,,,,,,,,,,,,,862,0.55235105,,,,,,,1634,0.99930984,2173,0.90529761
,,,,,,,,,,,,,,863,0.54568236,,,,,,,1635,0.99885298,2174,0.90642862
,,,,,,,,,,,,,,864,0.53958052,,,,,,,1636,0.99913515,2175,0.90807348
,,,,,,,,,,,,,,865,0.53510215,,,,,,,1637,0.99973164,2176,0.91010493
,,,,,,,,,,,,,,866,0.53093675,,,,,,,1638,0.99973592,2177,0.91293181
,,,,,,,,,,,,,,867,0.53016508,,,,,,,1639,1,2178,0.91556686
,,,,,,,,,,,,,,868,0.52984662,,,,,,,1640,0.9998438,2179,0.91842631
,,,,,,,,,,,,,,869,0.53036682,,,,,,,1641,0.9967639,2180,0.92128288
,,,,,,,,,,,,,,870,0.53211463,,,,,,,1642,0.99175576,2181,0.92431702
,,,,,,,,,,,,,,871,0.53271918,,,,,,,1643,0.9859206,2182,0.92719913
,,,,,,,,,,,,,,872,0.53246806,,,,,,,1644,0.97887302,2183,0.92972159
,,,,,,,,,,,,,,873,0.53331158,,,,,,,1645,0.97029262,2184,0.93190455
,,,,,,,,,,,,,,874,0.5319278,,,,,,,1646,0.96135891,2185,0.93412538
,,,,,,,,,,,,,,875,0.53051055,,,,,,,1647,0.95379752,2186,0.93588954
,,,,,,,,,,,,,,876,0.52951499,,,,,,,1648,0.94709017,2187,0.93707083
,,,,,,,,,,,,,,877,0.52996848,,,,,,,1649,0.94228614,2188,0.93762594
,,,,,,,,,,,,,,878,0.53253373,,,,,,,1650,0.93919512,2189,0.93828534
,,,,,,,,,,,,,,879,0.53705085,,,,,,,1651,0.93616637,2190,0.93763643
,,,,,,,,,,,,,,880,0.54235344,,,,,,,1652,0.92889205,2191,0.94042634
,,,,,,,,,,,,,,881,0.54912497,,,,,,,1653,0.9129921,2192,0.94250397
,,,,,,,,,,,,,,882,0.55523055,,,,,,,1654,0.88158383,2193,0.94324531
,,,,,,,,,,,,,,883,0.56011135,,,,,,,1655,0.82602164,2194,0.94301861
,,,,,,,,,,,,,,884,0.55767999,,,,,,,1656,0.74412949,2195,0.94210283
,,,,,,,,,,,,,,885,0.54821984,,,,,,,1657,0.64281662,2196,0.94061808
,,,,,,,,,,,,,,886,0.53144613,,,,,,,1658,0.53483955,2197,0.93841726
,,,,,,,,,,,,,,887,0.50763528,,,,,,,1659,0.42772166,2198,0.93665003
,,,,,,,,,,,,,,888,0.47811224,,,,,,,1660,0.32439525,2199,0.93524569
,,,,,,,,,,,,,,889,0.45092793,,,,,,,1661,0.23488131,2200,0.93301102
,,,,,,,,,,,,,,890,0.42798466,,,,,,,1662,0.16445229,2201,0.92686708
,,,,,,,,,,,,,,891,0.41051405,,,,,,,1663,0.11056237,2202,0.92104485
,,,,,,,,,,,,,,892,0.40039139,,,,,,,1664,0.07271886,2203,0.91547175
,,,,,,,,,,,,,,893,0.40087302,,,,,,,1665,0.04634859,2204,0.91100989
,,,,,,,,,,,,,,894,0.40829375,,,,,,,1666,0.02949618,2205,0.90828339
,,,,,,,,,,,,,,895,0.42086556,,,,,,,1667,0.01941871,2206,0.9072733
,,,,,,,,,,,,,,896,0.43007022,,,,,,,1668,0.0133487,2207,0.90817907
,,,,,,,,,,,,,,897,0.42456692,,,,,,,1669,0.00934594,2208,0.91115631
,,,,,,,,,,,,,,898,0.39136817,,,,,,,1670,0.00654231,2209,0.91617845
,,,,,,,,,,,,,,899,0.33009008,,,,,,,1671,0.00487921,2210,0.92284525
,,,,,,,,,,,,,,900,0.25720509,,,,,,,1672,0.00341903,2211,0.92059829
,,,,,,,,,,,,,,901,0.18189031,,,,,,,1673,0.00249864,2212,0.91947472
,,,,,,,,,,,,,,902,0.11650668,,,,,,,1674,0.00196431,2213,0.91947973
,,,,,,,,,,,,,,903,0.07031579,,,,,,,1675,0.00142754,2214,0.92126575
,,,,,,,,,,,,,,904,0.04275381,,,,,,,1676,0.00105878,2215,0.92451632
,,,,,,,,,,,,,,905,0.02593154,,,,,,,1677,0.00049978,2216,0.92772589
,,,,,,,,,,,,,,906,0.01574394,,,,,,,1678,0.00022833,2217,0.93196884
,,,,,,,,,,,,,,907,0.00394326,,,,,,,1679,0.00015999,2218,0.93676408
,,,,,,,,,,,,,,,,,,,,,,1680,0.00003415,2219,0.94147739
,,,,,,,,,,,,,,,,,,,,,,1681,0.00004517,2220,0.94679545
,,,,,,,,,,,,,,,,,,,,,,1682,0.00001313,2221,0.95119533
,,,,,,,,,,,,,,,,,,,,,,,,2222,0.95443018
,,,,,,,,,,,,,,,,,,,,,,,,2223,0.95704142
,,,,,,,,,,,,,,,,,,,,,,,,2224,0.95972628
,,,,,,,,,,,,,,,,,,,,,,,,2225,0.9625372
,,,,,,,,,,,,,,,,,,,,,,,,2226,0.96485326
,,,,,,,,,,,,,,,,,,,,,,,,2227,0.96603599
,,,,,,,,,,,,,,,,,,,,,,,,2228,0.96664138
,,,,,,,,,,,,,,,,,,,,,,,,2229,0.96630455
,,,,,,,,,,,,,,,,,,,,,,,,2230,0.96545713
,,,,,,,,,,,,,,,,,,,,,,,,2231,0.96484036
,,,,,,,,,,,,,,,,,,,,,,,,2232,0.96365512
,,,,,,,,,,,,,,,,,,,,,,,,2233,0.96169531
,,,,,,,,,,,,,,,,,,,,,,,,2234,0.95944859
,,,,,,,,,,,,,,,,,,,,,,,,2235,0.95732078
,,,,,,,,,,,,,,,,,,,,,,,,2236,0.95513625
,,,,,,,,,,,,,,,,,,,,,,,,2237,0.95355574
,,,,,,,,,,,,,,,,,,,,,,,,2238,0.95273072
,,,,,,,,,,,,,,,,,,,,,,,,2239,0.95217795
,,,,,,,,,,,,,,,,,,,,,,,,2240,0.95172542
,,,,,,,,,,,,,,,,,,,,,,,,2241,0.9521403
,,,,,,,,,,,,,,,,,,,,,,,,2242,0.95263595
,,,,,,,,,,,,,,,,,,,,,,,,2243,0.95405248
,,,,,,,,,,,,,,,,,,,,,,,,2244,0.95707559
,,,,,,,,,,,,,,,,,,,,,,,,2245,0.96063594
,,,,,,,,,,,,,,,,,,,,,,,,2246,0.96421772
,,,,,,,,,,,,,,,,,,,,,,,,2247,0.96830187
,,,,,,,,,,,,,,,,,,,,,,,,2248,0.97268597
,,,,,,,,,,,,,,,,,,,,,,,,2249,0.97741944
,,,,,,,,,,,,,,,,,,,,,,,,2250,0.98289489
,,,,,,,,,,,,,,,,,,,,,,,,2251,0.9871429
,,,,,,,,,,,,,,,,,,,,,,,,2252,0.99073348
,,,,,,,,,,,,,,,,,,,,,,,,2253,0.99398244
,,,,,,,,,,,,,,,,,,,,,,,,2254,0.99678431
,,,,,,,,,,,,,,,,,,,,,,,,2255,0.99875181
,,,,,,,,,,,,,,,,,,,,,,,,2256,1
,,,,,,,,,,,,,,,,,,,,,,,,2257,0.9999284
,,,,,,,,,,,,,,,,,,,,,,,,2258,0.9991523
,,,,,,,,,,,,,,,,,,,,,,,,2259,0.99712951
,,,,,,,,,,,,,,,,,,,,,,,,2260,0.99388228
,,,,,,,,,,,,,,,,,,,,,,,,2261,0.98968273
,,,,,,,,,,,,,,,,,,,,,,,,2262,0.98373274
,,,,,,,,,,,,,,,,,,,,,,,,2263,0.97621057
,,,,,,,,,,,,,,,,,,,,,,,,2264,0.96780985
,,,,,,,,,,,,,,,,,,,,,,,,2265,0.95833495
,,,,,,,,,,,,,,,,,,,,,,,,2266,0.94842856
,,,,,,,,,,,,,,,,,,,,,,,,2267,0.93818752
,,,,,,,,,,,,,,,,,,,,,,,,2268,0.9277078
,,,,,,,,,,,,,,,,,,,,,,,,2269,0.91702104
,,,,,,,,,,,,,,,,,,,,,,,,2270,0.90597951
,,,,,,,,,,,,,,,,,,,,,,,,2271,0.89384371
,,,,,,,,,,,,,,,,,,,,,,,,2272,0.88165575
,,,,,,,,,,,,,,,,,,,,,,,,2273,0.86861704
,,,,,,,,,,,,,,,,,,,,,,,,2274,0.85460324
,,,,,,,,,,,,,,,,,,,,,,,,2275,0.84058628
,,,,,,,,,,,,,,,,,,,,,,,,2276,0.82598123
,,,,,,,,,,,,,,,,,,,,,,,,2277,0.80948042
,,,,,,,,,,,,,,,,,,,,,,,,2278,0.79182917
,,,,,,,,,,,,,,,,,,,,,,,,2279,0.7724052
,,,,,,,,,,,,,,,,,,,,,,,,2280,0.74907137
,,,,,,,,,,,,,,,,,,,,,,,,2281,0.72031195
,,,,,,,,,,,,,,,,,,,,,,,,2282,0.68815487
,,,,,,,,,,,,,,,,,,,,,,,,2283,0.65125598
,,,,,,,,,,,,,,,,,,,,,,,,2284,0.6100244
,,,,,,,,,,,,,,,,,,,,,,,,2285,0.56600904
,,,,,,,,,,,,,,,,,,,,,,,,2286,0.52095058
,,,,,,,,,,,,,,,,,,,,,,,,2287,0.47464344
,,,,,,,,,,,,,,,,,,,,,,,,2288,0.42924778
,,,,,,,,,,,,,,,,,,,,,,,,2289,0.38584718
,,,,,,,,,,,,,,,,,,,,,,,,2290,0.34208462
,,,,,,,,,,,,,,,,,,,,,,,,2291,0.30067509
,,,,,,,,,,,,,,,,,,,,,,,,2292,0.26317221
,,,,,,,,,,,,,,,,,,,,,,,,2293,0.22770037
,,,,,,,,,,,,,,,,,,,,,,,,2294,0.19571781
,,,,,,,,,,,,,,,,,,,,,,,,2295,0.16808736
,,,,,,,,,,,,,,,,,,,,,,,,2296,0.14467686
,,,,,,,,,,,,,,,,,,,,,,,,2297,0.12482737
,,,,,,,,,,,,,,,,,,,,,,,,2298,0.10823403
,,,,,,,,,,,,,,,,,,,,,,,,2299,0.09439655
,,,,,,,,,,,,,,,,,,,,,,,,2300,0.08235799
,,,,,,,,,,,,,,,,,,,,,,,,2301,0.07149445
,,,,,,,,,,,,,,,,,,,,,,,,2302,0.0626855
,,,,,,,,,,,,,,,,,,,,,,,,2303,0.05498009
,,,,,,,,,,,,,,,,,,,,,,,,2304,0.04818852
,,,,,,,,,,,,,,,,,,,,,,,,2305,0.04285814
,,,,,,,,,,,,,,,,,,,,,,,,2306,0.03859244
,,,,,,,,,,,,,,,,,,,,,,,,2307,0.03494044
,,,,,,,,,,,,,,,,,,,,,,,,2308,0.03199172
,,,,,,,,,,,,,,,,,,,,,,,,2309,0.02958044
,,,,,,,,,,,,,,,,,,,,,,,,2310,0.02741084
,,,,,,,,,,,,,,,,,,,,,,,,2311,0.02556884
,,,,,,,,,,,,,,,,,,,,,,,,2312,0.02395058
,,,,,,,,,,,,,,,,,,,,,,,,2313,0.02166741
,,,,,,,,,,,,,,,,,,,,,,,,2314,0.0191457
,,,,,,,,,,,,,,,,,,,,,,,,2315,0.01632139
,,,,,,,,,,,,,,,,,,,,,,,,2316,0.0109837
,,,,,,,,,,,,,,,,,,,,,,,,2317,0.00736032
,,,,,,,,,,,,,,,,,,,,,,,,2318,0.00649061
,,,,,,,,,,,,,,,,,,,,,,,,2319,0.00469736
,,,,,,,,,,,,,,,,,,,,,,,,2320,0.00205874